27 221 216 167 0 234 36 180 65 33 168 34 179 54 108 87 184 99 116 275 41 164 110 8 88 62 165 130
11 166 53 239 157 282 14 209 258 253 183 2
4 133 195 132 274
8 249 294 162 299 289 247 169 151
9 261 60 198 19 200 267 292 175 257
4 48 283 149 208
6 128 29 284 199 52 173
15 72 75 4 103 286 296 212 80 134 171 263 187 38 9 211
13 7 85 144 105 40 147 269 190 42 93 70 84 77
7 125 57 44 254 214 69 278
6 174 28 241 244 49 153
17 159 246 210 220 161 13 92 148 127 260 137 227 193 56 232 189 178
2 270 293
7 172 39 100 17 37 194 123
9 225 74 15 273 290 285 18 1 94
7 276 136 95 58 140 46 240
7 24 218 150 107 64 135 272
4 264 115 279 143
7 259 203 122 139 186 126 229
2 231 233
2 97 262
2 47 206
5 31 251 288 30 256
9 281 222 102 217 202 98 291 215 120
2 252 297
7 91 117 22 5 176 280 66
4 188 277 43 228
7 82 295 50 68 59 71 154
2 104 155
7 226 79 245 196 12 152 141
3 192 145 142
2 250 182
10 63 113 129 156 21 32 96 230 223 106
3 224 78 242
2 205 265
3 255 67 112
2 35 266
11 268 86 121 111 26 243 236 20 248 219 55
2 138 51
2 287 16
3 181 201 10
5 204 146 158 101 238
3 73 119 124
2 81 45
5 213 185 118 83 131
4 6 76 90 235
3 23 114 25
3 109 197 237
2 170 160
2 177 298
3 207 191 163
2 3 61
4 271 11 27 89
0 
0 
0 
0 
0 
0 
0 
0 
0 
0 
0 
0 
0 
0 
0 
0 
0 
0 
0 
0 
0 
0 
0 
0 
0 
0 
0 
0 
0 
0 
0 
0 
0 
0 
0 
0 
0 
0 
0 
0 
0 
0 
0 
0 
0 
0 
0 
