16 2287 6464 7258 9092 9373 9681 9835 9965 9967 9978 9987 9991 9993 9996 9997 9999
27 410 1437 2106 2813 4755 7333 7383 8347 8374 8901 8943 9076 9179 9759 9935 9943 9954 9960 9961 9976 9981 9982 9985 9989 9994 9995 9998
30 113 364 459 1189 2166 2557 8254 8346 8494 8521 9095 9199 9214 9295 9386 9558 9649 9689 9695 9898 9925 9947 9949 9955 9972 9974 9977 9980 9983 9992
38 53 427 706 6515 6644 6961 7097 8212 8233 8825 9040 9064 9174 9518 9520 9608 9622 9705 9717 9739 9823 9873 9887 9919 9936 9938 9945 9951 9962 9964 9966 9968 9970 9971 9975 9984 9988 9990
40 1968 3289 4192 5685 6110 7278 7686 8145 8180 8404 8583 8675 8792 9134 9169 9477 9497 9514 9563 9614 9648 9749 9768 9807 9817 9849 9856 9866 9872 9915 9918 9921 9930 9932 9946 9957 9958 9959 9969 9986
48 227 847 969 1662 2727 3141 4543 4798 5001 6072 6531 7312 7546 7656 7892 8041 8059 8177 8194 8256 8366 8578 8622 9012 9267 9297 9450 9470 9603 9613 9754 9772 9784 9822 9831 9902 9910 9912 9913 9926 9929 9941 9948 9953 9956 9963 9973 9979
40 1464 1765 2014 2421 4720 5218 5380 6282 6811 7338 7342 7434 7461 7474 7958 8007 8101 8118 8402 8408 8982 8986 9006 9048 9195 9205 9262 9711 9724 9778 9780 9885 9896 9901 9903 9920 9924 9940 9950 9952
50 460 819 3160 3273 4577 4660 5698 5708 6723 6747 7262 7305 7411 7458 7543 7893 7926 8011 8077 8870 8922 9145 9168 9598 9686 9687 9699 9706 9750 9751 9752 9760 9766 9820 9841 9850 9862 9865 9876 9884 9890 9893 9905 9906 9914 9916 9917 9927 9939 9944
51 194 271 1087 3008 3146 3592 3995 4421 5029 5399 5624 5759 6165 6221 7181 7252 7306 7552 7694 7873 7936 8148 8580 8713 9061 9071 9196 9511 9591 9593 9656 9660 9692 9694 9740 9742 9743 9757 9828 9837 9857 9858 9863 9867 9869 9871 9900 9904 9907 9909 9942
59 863 1501 3139 3315 4151 4229 4732 4821 5584 6158 6817 6870 6873 6896 7081 7238 7254 7329 7346 7785 7856 7887 7899 8104 8218 8490 8503 8599 8609 9019 9044 9047 9051 9085 9093 9377 9410 9549 9554 9587 9590 9592 9596 9668 9669 9730 9733 9812 9814 9816 9818 9844 9847 9888 9895 9928 9933 9934 9937
61 85 2012 2516 2707 2764 3897 4381 4979 5445 5820 5907 6777 6797 7203 7224 7498 7516 7704 7764 7932 8066 8511 8588 8627 8741 8744 8798 8923 8958 9163 9231 9285 9416 9436 9566 9572 9597 9639 9652 9662 9715 9726 9758 9762 9782 9803 9805 9815 9819 9833 9834 9839 9840 9842 9852 9860 9883 9886 9899 9923 9931
65 517 546 630 1669 2037 2170 2747 3021 3203 4224 4928 4994 5135 5468 5808 5935 6633 6720 7016 7169 7453 7455 7747 7916 7924 7925 7991 8056 8363 8380 8384 8548 8786 8911 8984 9114 9140 9149 9166 9222 9234 9265 9466 9489 9504 9536 9543 9546 9565 9701 9704 9789 9793 9800 9826 9827 9832 9875 9878 9882 9889 9894 9897 9911 9922
68 102 741 967 1542 1954 2492 2639 2943 3775 3824 3926 3989 4667 4943 5410 5607 6040 6316 6422 6690 6957 7149 7389 7554 7588 7603 7689 7717 7746 7968 7983 8043 8100 8184 8307 8310 8336 8342 8387 9097 9106 9432 9447 9527 9534 9569 9604 9645 9673 9683 9713 9746 9753 9785 9792 9810 9811 9825 9861 9864 9868 9870 9877 9879 9881 9891 9892 9908
67 79 138 524 526 851 1499 2011 2081 2424 3378 3594 3881 3890 5413 5490 6000 6084 6124 6688 6986 7056 7279 7479 7508 7748 7768 7855 7919 7973 8024 8791 8855 8924 9017 9031 9052 9152 9193 9272 9333 9362 9389 9400 9423 9440 9496 9575 9579 9620 9633 9644 9647 9658 9659 9696 9771 9773 9777 9779 9781 9791 9804 9806 9848 9854 9859 9880
75 370 1010 1128 1131 1249 2195 3224 3703 3782 3796 4721 5091 5287 5835 5880 5951 5972 6054 6392 6426 6466 6639 6768 6800 6847 7029 7054 7396 7425 7627 7652 7884 7930 8009 8251 8678 8685 8729 8868 8876 8936 8965 8972 9055 9138 9191 9279 9324 9354 9372 9398 9422 9438 9451 9453 9562 9573 9574 9583 9595 9617 9621 9720 9723 9755 9756 9764 9775 9794 9829 9838 9843 9851 9853 9874
73 343 390 2104 2250 2538 4556 4698 4717 4783 5628 5757 6203 6217 6436 6670 6927 6994 7019 7378 7387 7487 7562 7731 7977 8508 8534 8542 8593 8674 8793 8917 8951 8966 8999 9016 9037 9072 9261 9273 9274 9292 9317 9338 9347 9358 9370 9417 9475 9498 9530 9531 9535 9538 9545 9564 9570 9580 9611 9629 9709 9712 9718 9736 9741 9744 9748 9821 9824 9830 9836 9845 9846 9855
78 1612 1996 2082 2194 4619 4647 5299 5416 5538 5566 5777 5787 5944 6163 6175 6196 6434 6450 7014 7105 7156 7200 7331 7394 7449 7677 7802 8013 8169 8429 8442 8498 8506 8522 8585 8714 8737 8753 8799 8804 8817 9018 9026 9039 9046 9211 9215 9271 9275 9337 9341 9378 9379 9414 9439 9445 9500 9506 9525 9528 9581 9635 9640 9678 9690 9707 9729 9731 9732 9737 9761 9767 9769 9799 9801 9802 9808 9813
89 442 970 1151 1247 1484 1534 2048 3054 3424 3497 3968 4376 4493 4529 4570 5012 5114 5208 5305 5472 5575 5605 5748 5884 5897 6280 6325 6647 6681 6829 6880 6905 7116 7272 7975 8044 8092 8136 8290 8311 8316 8388 8397 8409 8467 8478 8509 8575 8643 8763 8790 8930 8975 9028 9142 9162 9194 9208 9213 9218 9282 9290 9313 9321 9330 9367 9385 9390 9492 9495 9509 9516 9519 9524 9553 9571 9578 9601 9623 9643 9651 9664 9665 9719 9722 9786 9797 9798 9809
83 709 721 3355 3850 3886 3905 3964 4016 4575 4763 5003 5084 5329 5332 5549 5867 5883 6379 6385 6566 6608 6668 6682 6724 6793 6980 7000 7784 7854 8027 8032 8068 8088 8211 8270 8287 8295 8451 8455 8492 8549 8559 8587 8759 8761 9091 9098 9112 9115 9180 9235 9243 9280 9323 9326 9395 9433 9457 9462 9472 9479 9480 9483 9507 9517 9625 9632 9677 9680 9685 9700 9710 9714 9716 9721 9738 9763 9770 9774 9788 9790 9795 9796
93 182 307 500 631 1191 1869 2593 2792 2973 3034 3300 3398 3876 3893 4027 4665 4757 4989 4993 5053 5207 5257 5428 5452 5846 6022 6354 6365 6514 6545 6686 6703 6832 6954 7255 7410 7430 7500 7657 7765 7949 7952 8062 8112 8206 8262 8348 8421 8450 8606 8720 8755 8771 8833 8884 9025 9058 9059 9073 9104 9197 9212 9269 9276 9328 9331 9442 9443 9449 9471 9487 9503 9521 9529 9550 9568 9577 9582 9619 9624 9646 9666 9676 9684 9688 9702 9725 9734 9745 9747 9765 9776 9787
91 975 1038 1672 1707 1783 2268 3606 3851 3866 3922 4168 4277 4565 4568 4848 4905 5041 5087 5391 5692 5729 5981 6067 6113 6181 6326 6413 6475 6563 6685 6808 6922 7268 7618 7629 7695 7720 7792 7846 7967 7993 8351 8396 8400 8447 8496 8507 8539 8704 8707 8742 8796 8946 8950 8956 8995 9009 9129 9153 9155 9177 9185 9230 9302 9311 9342 9349 9399 9418 9429 9430 9437 9455 9484 9491 9515 9539 9584 9589 9594 9612 9634 9638 9650 9654 9667 9672 9693 9728 9735 9783
101 257 292 1579 1585 1629 2273 2341 2670 2710 3357 3583 3614 3638 3714 3724 3771 3794 4063 4146 4278 4526 4711 4738 4935 5013 5057 5336 5366 5888 5898 5899 5923 6223 6421 6452 6471 6529 6538 6615 6629 6722 7197 7316 7471 7499 7513 7563 7586 7594 7595 7612 7777 7808 7861 7874 7923 8133 8199 8312 8424 8430 8438 8461 8673 8687 8765 8824 8933 8941 8954 8989 9010 9067 9173 9175 9226 9286 9303 9310 9312 9353 9404 9406 9424 9425 9428 9478 9485 9501 9540 9551 9599 9627 9628 9630 9653 9657 9671 9691 9708 9727
93 457 582 1220 1426 1565 1589 2336 2362 3101 3402 3492 3560 3634 3763 3773 3812 3826 3900 3978 4379 4476 4488 4594 4672 4733 4761 5731 5772 5886 5975 5976 6230 6357 6372 6517 6527 6903 6932 7046 7152 7213 7248 7442 7530 7577 7610 7786 7865 8162 8349 8381 8398 8423 8445 8702 8735 8892 8907 8944 8953 8979 8980 9165 9171 9298 9307 9315 9344 9345 9361 9364 9371 9376 9407 9415 9419 9465 9473 9486 9490 9548 9557 9560 9607 9610 9615 9626 9641 9642 9655 9661 9663 9703
96 70 317 1076 1190 1700 1829 1866 2188 2683 3012 3035 3501 3558 3709 4129 4204 4293 4374 4439 4461 4514 5653 5721 5768 5847 5865 6037 6192 6389 6414 6764 6853 6977 7067 7143 7146 7191 7266 7386 7423 7446 7541 7581 7714 7728 7790 8154 8215 8277 8369 8379 8562 8659 8831 8836 8864 8918 8920 9035 9099 9156 9159 9283 9284 9301 9318 9329 9332 9335 9350 9356 9363 9368 9393 9394 9444 9452 9459 9467 9469 9476 9499 9502 9533 9541 9561 9567 9602 9609 9618 9636 9637 9670 9679 9682 9698
91 357 883 940 990 1148 1180 1385 1604 2296 2645 2854 2953 3359 3361 3464 3992 4038 4226 4283 5198 5245 5250 5435 5570 5626 5773 5782 6237 6318 6467 6551 6658 6831 6886 7030 7049 7421 7492 7605 7613 7807 7885 8012 8021 8091 8097 8114 8128 8300 8314 8321 8353 8417 8469 8550 8645 8684 8772 8806 8838 8842 8894 8897 9133 9139 9251 9254 9257 9281 9296 9299 9327 9339 9411 9426 9427 9508 9512 9522 9552 9556 9559 9576 9585 9586 9588 9605 9616 9631 9675 9697
87 238 264 610 634 997 1085 2020 2229 2282 2461 2578 2655 2759 3258 3264 3680 3869 4057 4105 4199 4638 5049 5156 5192 5494 5543 5594 5703 5734 5804 6030 6132 6590 6678 6741 6748 6897 6918 7199 7235 7568 7908 7909 7996 8006 8015 8053 8236 8237 8248 8298 8470 8495 8516 8596 8617 8668 8748 8769 8774 8815 8859 8988 9030 9034 9109 9148 9181 9219 9248 9250 9294 9320 9325 9360 9375 9401 9408 9505 9510 9542 9544 9547 9555 9600 9606 9674
93 166 426 711 846 897 983 1240 1360 1856 2076 2388 2423 3163 3236 3652 3677 3967 4782 4900 5038 5065 5155 5263 5308 5349 5392 5453 5489 5688 5699 5849 5882 5889 6005 6168 6233 6320 6803 6881 6963 6989 7025 7174 7225 7766 7820 7844 7955 8096 8156 8165 8200 8229 8243 8439 8462 8589 8598 8728 8736 8785 8797 8853 8863 9004 9013 9027 9057 9063 9176 9189 9207 9245 9247 9249 9258 9260 9291 9305 9314 9383 9388 9392 9397 9468 9474 9481 9482 9494 9513 9526 9532 9537
89 105 145 348 470 774 880 913 1084 1620 1631 2125 2366 2368 2375 3630 3647 4452 4719 4872 4887 4904 5042 5167 5168 5202 5216 5314 5486 5593 5662 5802 5833 6007 6020 6189 6202 6650 6707 6739 6770 6801 6885 6923 6939 7526 7572 7624 7655 7667 7776 7788 7901 7942 7943 8173 8376 8422 8427 8484 8520 8530 8719 8723 8762 8764 8949 8964 9011 9042 9107 9120 9147 9157 9178 9242 9244 9277 9293 9348 9351 9380 9382 9456 9458 9461 9464 9488 9493 9523
96 27 87 90 380 678 1268 1299 1394 2315 2325 2364 3063 3353 3394 3469 3487 3610 3965 4166 4200 4291 4403 4567 4624 4818 4908 5077 5376 5419 5680 5761 5893 5917 6024 6044 6555 6616 6710 6731 6901 7211 7229 7350 7518 7531 7669 7721 7742 7757 7825 7851 7877 8085 8093 8288 8293 8301 8367 8640 8665 8679 8683 8696 8760 8830 8898 8931 8932 8945 8974 9078 9083 9118 9119 9127 9144 9206 9210 9216 9220 9232 9236 9256 9259 9268 9306 9346 9357 9359 9369 9409 9435 9441 9446 9454 9463
105 0 17 32 874 993 1223 1269 1918 1943 2269 2308 2426 2508 3256 3377 3721 3801 3813 3875 3959 4042 4164 4454 4515 4596 4746 4787 4788 4824 5082 5096 5180 5322 5439 5497 5863 5871 5936 5980 6090 6176 6387 6661 6674 6694 6864 6920 7003 7022 7193 7250 7345 7379 7537 7550 7590 7608 7616 7631 7648 7649 7797 7798 7824 7845 8076 8123 8126 8263 8264 8265 8475 8558 8563 8576 8607 8638 8667 8690 8701 8766 8843 8910 8993 9024 9082 9094 9122 9135 9143 9161 9172 9225 9228 9252 9255 9352 9355 9374 9402 9413 9420 9431 9434 9460
107 60 191 456 716 1335 1411 1436 1513 1600 1739 1810 1835 2395 2658 2704 2835 3004 3028 3046 3681 3753 3974 4084 4119 4234 4401 4500 4508 4671 4769 4779 4885 4902 5019 5147 5426 5528 5551 5610 5866 6553 6628 6656 6669 6766 6834 6854 6863 6908 7273 7302 7325 7370 7373 7402 7706 7723 7767 7897 7913 8025 8036 8176 8183 8219 8257 8275 8472 8476 8488 8523 8572 8618 8635 8653 8664 8671 8677 8734 8745 8816 8839 8904 8913 8948 8961 8978 9077 9081 9088 9089 9154 9158 9200 9217 9239 9241 9270 9309 9340 9343 9365 9403 9405 9412 9421 9448
105 214 254 325 765 888 1059 1421 1516 1988 2034 2060 2091 2509 2592 2744 2804 3545 3674 3692 4013 4059 4213 4245 4365 4368 4484 4694 4715 4723 4932 4955 5032 5099 5173 5256 5261 5337 5390 5552 6360 6368 6447 6453 6548 6663 6733 7015 7031 7186 7188 7220 7239 7276 7417 7483 7567 7580 7591 7651 7982 7984 8157 8158 8330 8358 8361 8392 8418 8591 8611 8619 8682 8715 8725 8776 8794 8800 8819 8834 8889 8938 8942 9023 9050 9053 9075 9084 9087 9105 9108 9113 9123 9126 9187 9198 9233 9238 9240 9287 9304 9308 9336 9384 9387 9396
100 963 964 1137 1460 1708 2147 2288 2477 2504 3403 3434 3452 3502 3525 3815 3849 3924 4191 4197 4231 4261 4356 4397 4398 4400 4517 4550 4573 4659 4852 4859 4950 4970 5060 5068 5255 5286 6324 6351 6384 6391 6400 6591 6643 7017 7092 7125 7131 7222 7368 7462 7476 7522 7894 7939 7976 7985 7994 8019 8107 8213 8273 8306 8352 8489 8513 8527 8538 8612 8652 8686 8689 8703 8712 8840 8858 8886 8895 8909 8929 8959 8996 8998 9015 9022 9054 9100 9102 9150 9151 9184 9190 9229 9237 9264 9278 9334 9366 9381 9391
104 808 886 1009 1266 1468 2022 2077 3188 3375 3552 3650 3697 3734 3762 3764 3791 3966 4219 4241 4251 4303 4315 4349 4382 4418 4468 4742 4776 4847 4869 5058 5388 5482 5659 5838 5875 6194 6209 6260 6562 6744 6851 6958 6964 7027 7118 7121 7147 7353 7356 7692 7831 7872 7875 7900 8151 8204 8210 8240 8259 8299 8308 8435 8440 8457 8477 8504 8631 8642 8648 8650 8666 8809 8822 8869 8873 8878 8985 8992 9007 9008 9041 9045 9080 9086 9103 9110 9146 9167 9182 9183 9192 9201 9204 9209 9221 9224 9253 9263 9266 9288 9316 9319 9322
102 54 69 642 659 671 770 798 1073 1224 1230 1259 1945 2007 2517 2977 3135 3172 3466 3589 3631 3649 3774 4045 4064 4079 4103 4335 4345 4409 4417 4605 4655 4722 5223 5224 5268 5338 5434 5679 6026 6100 6183 6193 6220 6231 6277 6758 6785 6835 6883 6974 6983 7009 7086 7110 7157 7328 7348 7418 7436 7718 7814 7834 8153 8179 8223 8232 8253 8258 8328 8335 8443 8446 8474 8533 8567 8584 8691 8697 8788 8795 8871 8872 8903 8915 8994 9000 9021 9049 9062 9068 9079 9136 9141 9164 9170 9202 9203 9227 9246 9289 9300
92 11 155 199 212 537 597 626 1042 1153 1759 1886 1942 3096 3130 3170 3180 3426 3458 3476 3726 3834 3946 4033 4280 4284 4355 4364 4378 4796 4974 5242 5798 5824 6066 6116 6153 6271 6443 6700 6814 6828 6915 6933 6943 6965 7315 7327 7382 7392 7447 7548 7569 7879 8000 8040 8060 8122 8140 8197 8225 8242 8261 8383 8431 8510 8517 8525 8613 8646 8649 8717 8730 8750 8757 8780 8782 8866 8900 8968 8969 8987 8997 9014 9032 9101 9124 9131 9137 9160 9186 9188 9223
97 47 149 405 420 726 789 1567 1689 1715 2138 2847 2852 3037 3124 3136 3237 3276 3297 3499 3528 3759 3827 3936 3970 4074 4110 4212 4222 4255 4265 4281 4797 4856 5563 5655 5693 5701 5990 6008 6042 6051 6107 6128 6157 6537 6635 6648 6796 6802 6827 6866 7309 7314 7358 7390 7454 7459 7463 7481 7614 7645 7650 7981 8074 8079 8082 8192 8205 8413 8420 8453 8454 8464 8586 8600 8669 8698 8705 8709 8739 8777 8835 8848 8875 8893 8896 8902 8921 8960 8971 8973 9005 9056 9090 9096 9111 9132
105 131 1474 1496 1625 1854 2078 2162 2274 2321 2574 2678 2694 3000 3014 3108 3192 3217 3261 3756 3786 3917 3927 3948 4005 4006 4068 4080 4467 4680 5020 5046 5141 5926 5943 5988 6038 6172 6224 6369 6454 6482 6518 6632 6708 6740 7001 7085 7101 7112 7198 7247 7256 7289 7322 7341 7343 7566 7592 7597 7697 7719 7876 7886 8005 8028 8034 8037 8147 8222 8230 8327 8344 8375 8401 8416 8425 8657 8660 8688 8710 8716 8724 8789 8801 8808 8810 8821 8841 8862 8865 8890 8908 8926 8952 8962 8970 9033 9038 9043 9060 9069 9116 9121 9125 9130
112 1414 1430 1724 1781 2215 2243 2534 2568 2874 2879 2881 2929 2934 2975 3321 3551 3657 3852 3859 3865 3884 3943 4061 4066 4285 4296 4317 4448 4912 4925 5522 5587 5738 5770 5816 5874 5946 5956 5962 6213 6302 6307 6358 6408 6460 6511 6578 6588 6609 6696 6718 6725 6884 6904 6976 7066 7180 7201 7217 7243 7330 7441 7485 7576 7587 7630 7690 7733 7778 7841 7843 7920 7927 7928 7934 7966 7974 8016 8026 8267 8271 8364 8412 8543 8544 8602 8603 8605 8608 8628 8632 8680 8695 8768 8784 8812 8813 8844 8849 8882 8883 8887 8891 8939 8947 8957 8963 8991 9002 9020 9036 9128
109 197 1225 1338 1342 1350 1376 1514 1675 1678 2084 2098 2522 2598 2702 2789 2837 2845 2865 2870 3546 3547 3758 3768 3857 3889 3894 3954 3981 4628 4702 4781 4838 5203 5209 5580 5600 5604 5722 5766 5815 5843 5872 5894 5902 6140 6171 6288 6448 6530 6572 6574 6579 6996 7005 7021 7032 7042 7135 7141 7267 7282 7291 7374 7409 7415 7559 7636 7684 7727 7799 7849 7863 7889 7904 7989 8004 8099 8108 8203 8266 8339 8354 8524 8532 8614 8623 8634 8662 8693 8751 8754 8756 8758 8778 8783 8845 8856 8861 8879 8881 8885 8919 8927 8928 8940 8955 8967 8977 9117
102 816 960 1012 1077 1147 1325 1373 1913 1981 2558 2584 2692 2745 2812 2819 3003 3150 3431 3445 3484 3605 3698 3781 3877 3902 4588 4621 4927 5127 5146 5212 5524 5546 5571 5596 5789 5801 5861 6033 6178 6239 6317 6338 6342 6396 6516 6540 6559 6645 6746 6816 6855 6913 6934 7055 7063 7115 7205 7221 7286 7300 7335 7375 7398 7480 7818 7821 7857 7878 7940 8010 8033 8124 8163 8172 8182 8241 8252 8297 8382 8437 8466 8483 8540 8579 8581 8670 8672 8718 8749 8752 8770 8826 8827 8860 8912 8914 8925 8935 9029 9070 9074
110 361 573 779 868 1057 1277 1300 1659 1847 1855 2039 2181 2454 2476 2754 2770 2791 2925 2960 2995 3215 3363 3367 3393 3407 3418 3423 3440 3495 3567 3609 3718 3748 4539 4548 4918 5110 5450 5474 5510 5554 5654 5691 5742 5781 5839 5851 6009 6063 6086 6117 6145 6300 6347 6373 6403 6430 6472 6480 6826 6868 6888 6899 6975 7002 7010 7079 7126 7210 7299 7505 7507 7794 7801 7805 7812 7815 7827 8098 8105 8106 8125 8149 8255 8268 8309 8320 8564 8565 8569 8570 8633 8699 8711 8721 8733 8781 8787 8828 8847 8874 8880 8899 8905 8906 8983 9001 9003 9065 9066
107 385 404 425 619 710 739 772 812 1415 1457 1744 1761 2342 2390 2636 2638 2706 2725 2906 2942 3067 3284 3285 3380 3413 3523 3701 3871 3944 4244 4246 4312 4367 4489 4740 4762 4833 4853 4892 4910 5040 5275 5618 5645 5724 5829 5938 5953 6049 6071 6143 6188 6222 6375 6397 6419 6534 6577 6769 6788 6877 6944 6951 6968 6969 7043 7059 7060 7622 7625 7688 7701 7751 7758 7870 7931 7961 8065 8070 8111 8166 8279 8332 8337 8458 8473 8553 8554 8555 8556 8601 8610 8625 8636 8656 8658 8681 8700 8722 8767 8851 8852 8867 8877 8888 8981 8990
125 86 208 375 382 628 698 760 894 984 1165 1327 1658 1736 1976 2520 2550 2699 2701 2769 2803 2809 2820 3017 3030 3071 3083 3233 3263 3293 3340 3368 3544 3556 3746 3843 3903 3990 4021 4182 4193 4705 4775 4876 4934 4949 5023 5067 5269 5406 5460 5548 5569 5623 5627 5651 5750 5767 5986 5989 6089 6122 6206 6227 6258 6272 6299 6431 6497 6549 6641 6729 6738 6763 6775 6949 6953 7038 7128 7187 7524 7573 7607 7620 7638 7675 7685 7715 7737 7773 7869 7871 7898 7987 7998 8020 8120 8407 8434 8480 8514 8519 8529 8531 8545 8561 8573 8577 8620 8621 8630 8644 8647 8655 8663 8818 8820 8829 8832 8837 8846 8854 8857 8916 8937 8976
100 127 240 443 595 877 1345 1387 1391 1614 1622 1833 1922 1932 2024 2218 2335 2676 2693 2886 2951 2988 3022 3073 3138 3166 3619 3673 3823 3873 3983 4175 4320 4618 4663 4727 4868 5102 5106 5142 5219 5232 5266 5307 5405 5950 5977 6046 6160 6204 6301 6344 6619 6634 6702 6721 6732 6736 6755 6767 6842 6924 7028 7574 7582 7585 7602 7666 7673 7749 7771 7832 7839 7914 7945 7946 7978 8003 8050 8058 8278 8282 8305 8340 8343 8359 8377 8393 8493 8512 8547 8551 8568 8595 8637 8639 8807 8811 8814 8823 8934
102 336 355 395 397 1295 1339 1510 1523 1536 1577 2525 2536 2544 2594 2604 2623 2626 2760 2767 2778 2832 2876 2899 3007 3097 3283 3366 3409 3707 3844 4450 4524 4527 4587 4608 4613 4976 4984 5056 5081 5124 5134 5152 5205 5277 5301 5526 5529 5753 5778 5929 5933 6027 6036 6148 6477 6576 6592 6595 6607 6614 6623 6680 6709 6751 7122 7148 7362 7490 7495 7549 7564 7584 7662 7665 7726 7735 7736 7866 7868 8086 8131 8178 8260 8345 8481 8487 8518 8528 8557 8566 8615 8629 8694 8708 8773 8775 8779 8802 8803 8805 8850
93 286 358 1003 1203 1267 1590 1633 2159 2175 2279 2310 2506 2587 2616 2652 2703 2717 2734 3189 3251 3624 3659 4095 4348 4447 4453 4653 4916 4924 4980 5052 5064 5136 5191 5262 5668 5686 5710 5737 5859 5901 5928 5963 5983 6312 6382 6398 6470 6495 6508 6581 6756 7145 7178 7274 7308 7428 7501 7617 7623 7658 7724 7740 7795 7809 7813 7837 7838 7990 8081 8181 8189 8221 8228 8235 8283 8333 8338 8411 8449 8459 8465 8471 8491 8499 8502 8515 8541 8546 8604 8654 8692 8747
116 46 153 158 256 323 745 758 788 901 991 1145 1146 1271 1836 1898 1909 2134 2140 2167 2178 2385 2401 2425 2489 2507 2560 2575 2640 2780 2981 2986 3036 3043 3341 3387 3462 3596 3920 3932 3963 4018 4113 4190 4279 4334 4383 4497 4518 4532 4654 4804 4854 4972 5567 5598 5613 5792 5799 5831 5832 5931 5947 5949 6161 6247 6321 6465 6469 6478 7064 7100 7260 7271 7399 7405 7450 7460 7493 7523 7560 7598 7601 7682 7707 7730 7783 7796 7822 7881 7912 8142 8143 8193 8201 8214 8272 8281 8292 8303 8334 8410 8444 8448 8463 8468 8482 8535 8536 8571 8574 8594 8706 8731 8740 8743 8746
125 31 35 128 159 196 729 805 835 854 865 1596 1623 1709 1760 1897 2010 2088 2092 2209 2255 2357 2387 2389 2410 2455 2473 2514 2537 2928 2933 3020 3145 3278 3327 3346 3433 3527 3557 3572 3577 4015 4044 4139 4309 4329 4387 4404 4458 4510 4530 4748 4778 4906 5002 5044 5335 5470 5535 5561 5745 5754 5780 5786 5878 5892 6244 6254 6256 6289 6356 6362 6417 6427 6473 6526 6928 6936 6938 6960 6999 7132 7284 7332 7357 7365 7376 7384 7429 7464 7557 7593 7691 7709 7716 7743 7763 7836 7847 8045 8109 8167 8217 8249 8296 8326 8391 8399 8403 8414 8436 8441 8456 8485 8486 8537 8560 8582 8616 8624 8626 8651 8661 8726 8732 8738
116 529 561 598 652 746 1229 1275 1331 1493 1564 1611 1720 1746 1800 1837 2035 2174 2381 2383 2414 2439 2447 2712 2806 2882 2909 2926 2956 3230 3235 3320 3493 3503 3604 3867 3882 3915 3935 4081 4173 4328 4408 4428 4502 4789 4862 4956 5112 5166 5457 5517 5704 5706 5723 5730 5740 5779 5819 5868 5909 5914 6015 6032 6125 6210 6336 6376 6399 6402 6714 6716 6765 6799 6929 6935 7219 7226 7285 7320 7352 7360 7381 7488 7502 7545 7547 7621 7654 7676 7680 7693 7722 7804 7867 7986 8022 8067 8138 8202 8216 8356 8365 8371 8390 8428 8432 8433 8479 8497 8501 8526 8590 8592 8641 8676 8727
121 135 268 461 468 509 516 574 1002 1053 1120 1162 1177 1281 1366 1367 1425 1742 1745 1755 1771 1775 1812 1887 1972 1998 2157 2202 2360 2379 2435 2547 2829 2853 2861 2967 2972 2974 2983 3121 3579 3808 3892 4134 4145 4148 4170 4346 4394 4425 4436 4669 4745 4879 5270 5415 5615 5625 5674 5687 5700 5715 5741 5904 6014 6078 6080 6120 6294 6333 6390 6493 6618 6621 6689 6742 6743 6778 6820 6856 6871 6895 7117 7134 7142 7160 7275 7295 7303 7319 7347 7367 7412 7448 7489 7536 7540 7561 7663 7670 7842 7864 7957 7960 7964 8031 8039 8048 8094 8164 8220 8224 8324 8341 8357 8406 8415 8419 8426 8452 8460 8597
123 29 324 329 360 388 486 497 712 763 1036 1068 1150 1255 1551 1616 1618 1663 1679 1702 1716 1844 1872 2238 2300 2319 2339 2344 2403 2546 2667 2748 2944 3029 3057 3243 3507 3658 3804 3809 3841 3883 3996 4010 4024 4104 4112 4176 4336 4337 4372 4681 4699 4985 5007 5160 5169 5326 5372 5635 5637 5672 5673 5676 5709 5716 5955 6012 6056 6154 6182 6309 6374 6496 6565 6598 6600 6671 6757 6784 6798 6806 6942 6993 6998 7190 7194 7236 7241 7377 7380 7397 7408 7435 7444 7452 7473 7600 7611 7744 7754 7823 7848 7906 7911 7933 7948 7953 7992 7999 8064 8075 8090 8130 8152 8159 8247 8286 8322 8370 8389 8395 8405 8552
101 3 51 104 170 342 429 549 664 959 972 1007 1062 1517 1518 1583 1608 1634 1889 1949 2063 2065 2380 2393 2505 2539 2569 2783 2841 2996 3419 3479 3651 3679 3991 4034 4040 4069 4161 4211 4239 4443 4622 5055 5061 5247 5379 5429 5447 5617 5619 5664 5671 5707 5830 5906 6013 6021 6065 6166 6234 6281 6283 6561 6593 6734 6771 7071 7111 7140 7208 7230 7301 7355 7364 7422 7424 7589 7596 7633 7775 7817 7819 7852 7882 7890 8115 8135 8160 8244 8246 8313 8315 8318 8329 8360 8362 8368 8386 8394 8500 8505
109 115 176 284 435 811 923 949 1140 1233 1237 1380 1462 1481 1485 1632 1698 1757 1819 1960 1971 2085 2237 2305 2428 2497 2532 2605 2649 3019 3175 3178 3308 3586 3641 3740 3814 3846 4020 4259 4308 4330 4534 4645 4713 4867 4889 4947 5074 5139 5186 5541 5557 5634 5657 5821 5958 5959 5978 5982 6003 6523 6528 6601 6701 6919 6930 7007 7062 7087 7119 7133 7179 7257 7292 7311 7323 7334 7406 7494 7514 7527 7565 7571 7646 7672 7683 7702 7789 7806 7811 7816 7830 7888 7950 8113 8121 8132 8171 8188 8207 8227 8269 8285 8302 8350 8355 8372 8378 8385
104 354 428 531 842 867 891 1210 1216 1377 1410 1432 1576 1621 1931 1933 1974 2016 2062 2109 2113 2168 2265 2301 2552 2902 2904 3018 3113 3116 3193 3457 3534 3576 3623 3783 3836 3951 3979 4014 4017 4054 4055 4442 4479 4794 4814 5051 5094 5117 5507 5515 5525 5530 5616 5622 5726 5784 5797 5913 5919 6441 6442 6532 6780 6813 6845 6889 6910 6950 7058 7076 7089 7094 7095 7144 7167 7215 7240 7253 7290 7363 7413 7433 7465 7528 7653 7661 7668 7755 7781 7793 7800 7828 8061 8110 8195 8198 8280 8284 8294 8317 8325 8331 8373
106 49 163 398 465 823 829 1108 1157 1235 1260 1305 1328 1346 1779 1803 1861 1958 1983 1984 2019 2773 2867 2897 2957 2999 3033 3303 3478 3519 3755 3792 3858 4264 4496 4523 4636 4728 4777 4830 4962 5050 5397 5476 5499 5503 5589 5608 5720 5879 6248 6319 6363 6423 6428 6429 6438 6631 6636 6653 6664 6713 6773 6821 6874 6911 7006 7013 7057 7082 7136 7162 7228 7307 7401 7416 7438 7466 7467 7510 7538 7570 7659 7711 7712 7741 7745 7769 7772 7782 7833 8017 8051 8052 8071 8103 8150 8155 8168 8170 8238 8239 8276 8289 8291 8319 8323
97 142 187 362 605 614 814 976 1066 1091 1256 1261 1456 1470 1769 1823 1928 1961 2698 2761 2798 2824 2875 2989 3085 3435 3535 3568 3853 3998 4007 4469 4487 4710 4716 5369 5387 5389 5394 5436 5442 5511 5568 5579 5652 5663 5727 5733 5964 5993 6119 6139 6198 6334 6348 6412 6603 6613 6665 6673 6892 6956 6967 6995 7008 7024 7099 7109 7130 7195 7232 7261 7281 7288 7294 7321 7324 7361 7369 7445 7472 7504 7535 7729 7739 7829 7980 8049 8063 8102 8127 8161 8190 8196 8208 8245 8274 8304
102 482 495 527 540 575 580 625 656 695 1061 1200 1204 1388 1389 1703 1758 1764 1799 2373 2429 2573 2732 2757 2810 2823 3169 3280 3491 3513 3856 3919 4085 4322 4385 4540 4542 4582 5131 5231 5279 5306 5325 5341 5355 5401 5408 5425 5504 5534 5564 5586 5636 5743 5811 5854 5927 6096 6105 6147 6184 6535 6554 6560 6573 6575 6642 6692 6807 6867 6962 6966 6990 7050 7074 7151 7170 7172 7206 7310 7317 7326 7388 7426 7477 7647 7681 7696 7752 7787 7853 7858 8038 8042 8054 8134 8141 8186 8191 8209 8231 8234 8250
111 452 480 507 522 545 1028 1030 1111 1115 1143 1168 1226 1444 1726 1740 2042 2211 2219 2257 2293 2350 2723 2726 3045 3075 3307 3351 3429 3481 4152 4153 4294 4380 4464 4734 5092 5097 5100 5115 5248 5272 5295 5311 5350 5351 5375 5402 5519 5536 5577 5660 5669 5823 6041 6091 6115 6138 6332 6404 6479 6507 6521 6542 6587 6790 6805 6812 6837 6843 6891 6906 6952 6979 7084 7103 7209 7251 7336 7354 7414 7432 7437 7496 7640 7641 7687 7700 7760 7774 7905 7915 7929 7941 7962 7965 7979 8001 8008 8018 8030 8057 8069 8116 8117 8129 8137 8139 8144 8175 8185 8226
116 152 173 333 384 408 441 679 783 1058 1126 1134 1196 1251 1378 1482 1566 1613 1637 1661 1733 1947 2059 2068 2075 2267 2361 2498 2641 2697 2722 2826 2923 3137 3383 3388 3416 4039 4096 4120 4181 4252 4352 4714 4829 5008 5010 5030 5145 5149 5177 5179 5254 5259 5342 5352 5360 5370 5374 5485 5516 5518 5539 5641 5661 5965 6016 6061 6129 6130 6245 6275 6293 6295 6459 6498 6505 6512 6638 6652 6749 6772 6917 7023 7061 7065 7069 7072 7102 7107 7177 7192 7263 7313 7391 7404 7517 7521 7615 7632 7637 7770 7810 7902 7907 7944 7951 7956 7971 8047 8055 8083 8087 8089 8095 8119 8187
103 151 258 259 667 703 762 1035 1047 1186 1302 1574 1587 1636 1651 1900 1920 2080 2089 2397 2637 2662 2721 2872 3267 3298 3302 3520 3626 3798 4049 4208 4218 4457 4589 4658 4701 4866 4973 5035 5059 5075 5196 5217 5331 5333 5443 5451 5479 5498 5702 5790 5805 5952 6002 6011 6068 6142 6216 6315 6383 6456 6458 6503 6546 6604 6620 6730 6735 6759 6818 6876 6914 7033 7039 7153 7163 7168 7245 7280 7297 7318 7339 7385 7419 7420 7532 7578 7583 7606 7860 7880 7883 7922 7935 8002 8014 8046 8072 8078 8080 8084 8146 8174
110 45 83 229 321 349 394 496 583 603 627 645 896 946 1024 1429 1494 1530 1560 1690 1876 1893 2038 2058 2541 2556 3039 3179 3257 3282 3480 3580 3750 3767 4088 4198 4360 4444 4730 4758 4812 4945 5043 5047 5109 5111 5126 5132 5162 5210 5284 5324 5327 5345 5421 5454 5574 5582 5591 5597 5903 5912 6039 6050 6394 6418 6481 6500 6539 6570 6699 6726 6824 6992 7004 7037 7077 7093 7120 7155 7176 7185 7223 7234 7242 7244 7337 7366 7457 7484 7511 7512 7575 7635 7699 7762 7791 7803 7859 7895 7896 7910 7921 7972 7988 7995 7997 8023 8029 8035 8073
105 233 304 315 391 477 525 563 640 653 792 898 930 953 1081 1287 1374 1393 1445 1626 1699 1846 1944 2002 2141 2449 2478 2920 2959 3016 3229 3294 3467 3622 3832 3953 4026 4052 4053 4554 4563 4643 4676 4697 4712 4743 4765 4995 5011 5015 5085 5108 5121 5190 5238 5246 5258 5302 5340 5544 5562 5639 5675 5749 5752 5960 6034 6215 6329 6345 6439 6444 6501 6617 6662 6683 6687 6691 6912 6940 6972 6973 7075 7088 7127 7139 7207 7218 7227 7259 7407 7491 7497 7515 7555 7660 7671 7750 7753 7779 7780 7850 7918 7959 7969 7970
103 12 226 249 401 471 484 548 650 1183 1214 1217 1238 1250 1263 1274 1537 1546 1553 1597 1652 1667 2114 2119 2213 2571 2919 2937 3211 3381 3397 3439 3668 3736 3909 4253 4325 4522 4552 4595 4612 4631 4650 4944 4978 4997 5028 5073 5098 5153 5226 5228 5300 5506 5521 5599 5697 5714 5756 5803 5877 5900 5948 6018 6088 6238 6241 6310 6328 6339 6627 6637 6822 6825 6941 6945 6946 6947 6970 7011 7040 7041 7073 7091 7098 7183 7196 7202 7231 7469 7475 7478 7486 7643 7703 7705 7734 7761 7835 7891 7917 7937 7954 7963
96 66 112 378 381 432 467 1135 1212 1213 1497 1511 1648 1941 1995 2071 2107 2271 2346 2351 2530 2796 2842 3174 3199 3227 3508 3509 3571 3742 3772 3923 4494 4498 4555 4929 4938 4967 4969 5036 5039 5062 5144 5182 5449 5469 5656 5758 5796 5818 5848 5864 6159 6170 6179 6199 6232 6269 6425 6490 6504 6510 6513 6552 6651 6706 6815 6844 6849 6882 6898 6907 6937 6981 7154 7182 7189 7216 7296 7298 7304 7359 7534 7551 7628 7639 7674 7678 7698 7708 7713 7732 7756 7862 7903 7938 7947
91 316 359 576 633 920 952 995 1054 1209 1278 1333 1419 1441 1461 1486 2044 2131 2197 2323 2446 2479 2784 2785 2890 2896 3164 3260 3311 3338 3521 3769 4247 4411 4420 4459 4863 4897 4921 4923 5076 5116 5237 5354 5422 5437 5448 5771 5776 5836 5845 5985 5987 6025 6104 6135 6162 6177 6304 6346 6395 6407 6483 6484 6499 6585 6625 6728 6754 6760 6838 6839 6869 6878 7104 7108 7124 7150 7159 7204 7269 7270 7400 7506 7525 7553 7644 7664 7679 7725 7826 7840
100 177 207 266 815 833 907 915 979 982 1064 1074 1286 1289 1323 1361 1408 1435 1843 1926 2045 2108 2200 2284 2286 2356 2502 2535 2561 2579 2603 2828 2884 2969 3109 3159 3226 3228 3306 3938 4156 4172 4254 4366 4369 4718 4729 4806 4819 4875 4901 4939 5129 5230 5361 5398 5420 5432 5531 5603 5642 5728 5764 5800 5924 5967 5973 5974 5991 5999 6108 6112 6306 6367 6371 6388 6435 6476 6557 6583 6589 6715 6804 6836 6859 6861 6862 6978 7026 7070 7078 7096 7106 7519 7520 7599 7604 7626 7642 7710 7759
110 21 143 269 299 806 837 852 885 925 973 1020 1138 1158 1243 1315 1570 1766 1811 1867 2013 2040 2156 2226 2277 2324 2420 2570 2681 2705 2749 2833 2966 2993 3027 3092 3391 3475 3569 3788 3816 3907 4047 4086 4092 4604 4686 4691 4800 4805 4826 4873 4966 5119 5128 5175 5185 5265 5303 5346 5373 5409 5523 5547 5666 5711 5840 5852 5881 5911 5916 5932 6073 6075 6087 6211 6251 6290 6292 6353 6405 6486 6487 6525 6606 6745 6752 6774 6782 6783 6841 6846 6848 6872 6890 6921 6926 6988 6991 7045 7080 7137 7138 7431 7439 7558 7579 7609 7619 7634 7738
85 169 377 662 781 797 843 955 1006 1222 1475 1730 1991 2030 2256 2316 2333 2491 2564 2615 2644 2656 2965 3005 3514 3531 3793 3797 3999 4008 4030 4050 4353 4358 4544 4572 4662 4703 4792 4793 4849 4894 4958 5066 5229 5241 5249 5323 5384 5446 5461 5746 5751 5896 5910 5925 6023 6191 6200 6273 6276 6337 6366 6433 6544 6630 6712 6727 6750 6761 6857 6860 6879 6948 6971 6985 6987 7083 7344 7372 7427 7456 7482 7509 7539 7556
95 302 353 376 641 757 761 794 817 890 998 1097 1176 1319 1395 1453 1483 1601 1705 1718 1850 1955 2003 2148 2251 2304 2451 2500 3084 3117 3204 3232 3422 3559 3635 3702 3898 3901 4003 4316 4511 4531 4606 4625 4637 4780 4785 4791 5215 5236 5291 5297 5371 5382 5423 5441 5487 5509 5612 5631 5633 5695 5853 5876 6155 6156 6185 6262 6264 6305 6331 6377 6420 6494 6524 6602 6659 6660 6666 6698 6705 6737 6776 6809 6840 6850 6894 6959 6982 7287 7293 7451 7470 7529 7542 7544
104 19 111 366 423 588 669 738 775 804 810 902 981 1023 1187 1234 1438 1588 1767 1770 1849 1919 1999 2118 2192 2290 2405 2494 2630 2815 2940 2950 3266 3401 3517 3548 3575 3613 3735 3810 4238 4267 4275 4305 4307 4386 4391 4492 4547 4700 4704 4750 4756 4884 4907 5183 5214 5225 5260 5292 5304 5356 5475 5601 5611 5791 5810 5826 6099 6101 6134 6141 6174 6229 6252 6255 6298 6341 6410 6415 6432 6446 6564 6580 6605 6646 6657 6676 6704 6823 6830 6852 6858 6925 7018 7129 7233 7237 7265 7393 7403 7440 7443 7468 7533
94 234 272 326 437 562 568 587 668 693 725 914 980 1417 1467 1584 1619 1635 1638 1784 1838 1904 1978 1997 2261 2272 2595 2805 2830 3065 3167 3472 3543 3564 3708 3717 3730 3731 4177 4207 4323 4377 4470 4549 4571 4601 4632 4634 4657 4685 4707 4961 4965 4981 5006 5069 5107 5171 5193 5290 5293 5363 5480 5585 5592 5825 5828 5887 6031 6093 6123 6133 6149 6150 6151 6323 6361 6550 6556 6586 6599 6762 6779 6792 6795 7020 7036 7165 7173 7264 7340 7351 7371 7395 7503
94 96 123 165 210 241 288 383 389 489 676 753 828 1071 1149 1163 1369 1398 1420 1491 1571 1691 1693 1789 1841 1858 1879 1992 2152 2223 2908 2991 3133 3143 3656 3665 3682 3694 4165 4167 4180 4270 4314 4327 4433 4537 4576 4617 4642 4656 4736 4784 4890 4903 4941 5000 5240 5267 5281 5514 5532 5581 5583 5765 5774 6069 6077 6094 6103 6131 6146 6265 6279 6386 6474 6489 6509 6567 6568 6610 6695 6753 6786 6787 6819 6955 7035 7047 7090 7158 7184 7214 7246 7249 7349
82 50 71 116 125 126 141 337 340 462 475 785 826 873 965 1221 1340 1454 1477 1627 1732 1792 2130 2503 2629 2768 2777 2894 2898 3617 3962 4137 4159 4160 4269 4295 4419 4423 4435 4558 4627 4646 4670 4696 4820 4835 5090 5103 5221 5251 5285 5298 5328 5359 5556 5559 5717 5736 5785 6029 6045 6048 6053 6169 6218 6249 6313 6485 6488 6520 6543 6547 6684 6693 6833 6900 7044 7048 7114 7161 7166 7171 7283
95 80 94 235 244 311 318 332 557 624 999 1185 1354 1439 1539 1628 1714 1881 2234 2729 2735 2858 3304 3386 3510 3536 3825 3838 3939 4100 4123 4126 4155 4206 4338 4390 4507 4536 4551 4553 4581 4583 4598 4726 4741 4770 4790 4915 4982 5089 5133 5165 5170 5188 5252 5508 5513 5573 5588 5590 5595 5822 5837 5850 5971 5984 5998 6006 6028 6079 6127 6201 6205 6207 6240 6286 6297 6381 6437 6445 6449 6506 6519 6522 6596 6626 6654 6675 6719 6794 7012 7034 7068 7123 7164 7277
94 30 44 260 291 319 407 464 768 1152 1215 1297 1309 1314 1476 2400 2551 2657 2671 2686 3149 3474 3505 3562 3745 3817 3854 3888 3913 4094 4098 4121 4149 4242 4250 4462 4477 4491 4569 4607 4629 4641 4668 4766 4810 4841 4877 4917 4946 5140 5148 5309 5318 5440 5488 5550 5560 5696 5739 5860 5862 5968 5969 5970 5992 6060 6062 6081 6186 6190 6267 6278 6291 6296 6340 6364 6393 6416 6451 6502 6533 6536 6558 6569 6584 6612 6655 6667 6789 6902 6931 6984 7052 7053 7212
94 223 228 367 413 453 985 1086 1102 1127 1136 1242 1313 1959 2001 2143 2189 2302 2413 2614 3070 3331 3392 3430 3437 3459 3530 3691 3716 3744 3835 3864 3933 3955 3969 3988 4109 4185 4290 4363 4395 4396 4432 4455 4473 4599 4602 4623 4709 4751 4809 4823 4846 4968 5095 5239 5289 5362 5424 5500 5665 5678 5807 5827 5844 5891 5895 5954 5979 5994 6083 6126 6235 6243 6285 6287 6311 6322 6359 6378 6468 6491 6492 6611 6672 6679 6697 6810 6865 6875 6893 6916 6997 7113 7175
100 25 144 175 219 727 756 786 971 1014 1095 1820 1852 1853 2079 2100 2294 2331 2337 2422 2864 3006 3015 3056 3265 3313 3335 3390 3529 3685 3686 3715 3751 3807 3828 3831 3918 3930 3947 3994 4029 4043 4225 4233 4306 4344 4384 4422 4438 4478 4580 4651 4682 4693 4725 4811 4874 4895 4933 4954 5004 5078 5154 5278 5330 5381 5412 5458 5492 5670 5747 5783 5788 5814 5834 5841 5842 5855 5858 5869 5937 6055 6136 6197 6214 6250 6261 6274 6330 6343 6349 6409 6411 6424 6622 6640 6711 6781 6791 6909 7051
100 40 88 161 363 487 505 560 589 604 718 764 839 1509 1671 1712 1774 1826 1830 2110 2281 2358 2378 2624 2733 2892 2910 2931 2949 3247 3254 3301 3356 3382 3574 3587 3628 3636 3654 3689 3732 3733 3777 3795 3818 3845 3906 4004 4078 4083 4090 4114 4249 4266 4287 4298 4332 4357 4456 4463 4504 4509 5105 5138 5393 5411 5725 5744 5762 5856 5857 5890 5915 5922 6004 6010 6059 6111 6137 6152 6173 6236 6246 6253 6257 6259 6266 6268 6303 6314 6355 6370 6406 6462 6463 6541 6571 6649 6677 6717 6887
87 81 164 192 243 253 352 403 466 550 592 713 803 1428 1458 1487 1741 1805 1914 2026 2093 2415 2436 2469 2496 2885 2901 3219 3240 3358 3488 3515 3611 3616 3693 3779 3821 3896 4041 4062 4130 4140 4144 4183 4189 4196 4371 4373 4465 4481 4486 4688 4802 4808 4870 5048 5222 5283 5312 5558 5576 5667 5684 5712 5719 5732 5873 5885 5918 5940 6017 6019 6057 6076 6085 6092 6219 6226 6242 6284 6335 6350 6440 6455 6582 6594 6597 6624
83 179 237 273 445 639 747 777 801 924 1033 1060 1208 1257 1506 1719 1791 1814 1825 2220 2291 2409 2412 2807 2834 3066 3154 3165 3444 3460 3512 3542 3645 3672 3719 3749 3761 3868 3904 3928 3934 4091 4107 4108 4117 4132 4136 4262 4271 4313 4362 4388 4415 4431 4615 4648 4774 4817 4936 4983 5125 5211 5396 5444 5501 5545 5553 5646 5683 5694 5705 5794 5870 6001 6043 6121 6144 6212 6225 6270 6308 6352 6380 6461
