418 1900 7005 837 48 2009 3156 303 4839 4094 1335 3580 5137 1992 4377 2949 8292 4435 5018 7936 9913 9888 6807 8703 7952 1664 8329 769 700 1543 9675 920 3607 6901 6115 3988 2576 5424 7475 1066 4309 9523 6412 4214 9216 157 2356 297 445 7318 9901 1815 3743 88 8175 2581 7928 3869 585 268 6694 1867 273 1888 6952 3103 2519 2135 1515 61 1273 7965 2917 8204 4679 9305 7913 222 5693 4637 6916 7640 9003 1978 7957 3471 1528 9514 3457 4894 9581 3549 6228 8271 9976 4687 3055 1993 8578 8587 203 9020 7657 9504 117 5440 961 6456 7229 2774 3025 6822 4742 6695 4307 6724 8342 7911 610 8509 2735 3371 4829 1757 2465 8890 4071 7499 672 519 423 2720 5086 768 9550 4601 2986 474 6831 4184 3654 7759 6327 5090 6547 6069 6265 3541 6202 3200 8803 3411 3544 9254 4349 8448 4225 1200 8146 1830 8133 1503 497 8219 5719 3840 4056 2828 8158 3972 7612 7572 7373 6742 9164 3616 9314 3090 3816 32 8236 7243 8588 1874 856 8989 6438 5751 950 57 3398 8128 378 7442 3047 3112 719 6039 9121 8112 6024 187 6252 1773 6199 3196 2511 1363 1986 9705 3605 9654 2881 7710 6536 9166 4914 656 6575 7428 4826 4867 823 9202 1079 2869 8868 4882 7114 8425 7451 8773 2384 8681 2418 896 8747 6739 922 4593 8309 212 266 6537 6618 6570 8190 3147 9452 9313 5808 6877 5920 6058 6767 1002 4450 9199 6805 4376 6305 6784 8737 64 245 1970 1221 1910 661 5069 1222 704 9546 772 8882 7019 2981 9564 7263 380 7816 3418 8965 8848 4537 7117 7224 5369 4807 3779 2352 168 8434 9769 7097 1755 1729 8042 3334 2442 7628 846 9738 741 7468 1192 6884 8227 9349 8640 9341 5888 2261 4666 6966 1564 9045 9735 6984 4869 6198 6729 4615 1803 2180 7232 3362 6379 3205 7401 2748 9030 8207 5818 7013 4048 3669 6815 4495 7804 2061 1013 3826 5743 8915 7444 2402 1774 2910 5014 8072 5201 9362 1105 7381 7654 7920 6987 9838 5933 1104 8843 9513 1211 15 4072 5208 7712 7763 8731 7109 9847 5860 8670 8477 7929 5457 4150 5161 6321 7119 541 8179 4008 9283 2429 3578 4066 9449 6961 8184 1353 2176 7227 7716 6900 4058 8188 8189 6662 7325 8967 1436 9228 8071 8273 306 9927 8306 7737 8088 5903 5226 7788 1555 8563 4243 4538 8789
49 2316 6913 9698 6654 945 6780 6361 3692 6044 3410 6269 6656 1447 563 394 8310 6139 3546 9733 6849 8489 8630 6567 4607 4291 3433 5495 2665 8173 3193 2412 8099 938 501 979 779 1897 9459 3086 7110 5982 5170 1817 2660 820 6950 791 5672 3569
77 9256 5299 1209 6783 2920 84 677 7399 2432 7270 3253 9393 1178 1315 5497 9084 4379 1138 2706 6842 1864 5193 5809 5967 3530 6012 2297 9370 8878 7355 9586 9620 7464 4170 5971 4583 7064 7810 3708 8831 9475 5991 3793 3839 1024 3729 709 6584 8073 2355 951 3169 6480 4099 2718 9118 3493 4645 5579 8990 9195 3648 5045 3970 8426 873 5983 4045 4520 5008 9763 9649 2899 7668 3321 8022 6111
23 813 5614 1409 9236 8660 1196 5574 2803 838 9728 7948 7747 4382 8052 6557 6531 2674 6937 7443 3202 9803 2658 9472
163 7429 5192 7070 4059 606 1305 8518 5445 3444 5744 3067 7357 6123 666 3540 5387 4428 3758 5721 1674 8711 4693 109 8203 2357 2123 5113 2106 1593 9996 7553 6457 8699 9768 4437 7104 2788 1635 3329 627 6735 8435 2436 9544 2784 9306 1984 7319 9274 5335 9267 3572 8978 7585 3024 9401 9412 5517 6304 6875 4935 5615 4842 1512 6206 3603 9707 7186 9864 2838 6239 4455 9626 4948 200 4910 277 6804 1090 5598 5324 8832 9078 7677 6053 5890 4833 530 9627 2147 6296 7975 4848 9965 6765 7768 5049 6004 1995 5887 3817 3148 7116 4112 5654 5089 6410 8104 3821 2566 1530 1054 9869 2520 3976 5205 3129 9559 4233 3786 1267 3170 3891 6786 3188 5025 2512 8784 206 4507 3375 4665 4761 6403 2559 7088 1170 8792 41 5282 8382 5406 2941 6502 7249 3358 2642 1135 3818 4409 5091 4941 6187 1000 9287 2887 2736 8730 3491 7678 5922 8377 8850
108 7293 3527 6794 19 6189 2603 3855 4346 8787 7862 24 9670 5716 2507 3333 5510 489 2531 3245 190 6135 8149 1492 1438 3236 8024 7320 9852 4885 553 1062 5087 4223 8713 802 5996 9743 5304 2008 3311 4788 7687 3833 1407 1113 8629 730 902 6031 9156 6630 4247 1912 1263 2108 4717 2315 4411 7614 897 5569 4496 4224 6864 6571 5256 7045 9106 5386 280 6921 6848 6437 5380 65 7490 8502 6451 3845 2829 3722 499 1529 8835 5222 6745 8548 5748 5393 1524 720 482 498 9405 7575 658 6741 4624 209 5123 3647 6194 4417 5834 1018 3346 939 7223
29 3414 8653 2015 5480 3116 7779 6336 2766 1922 6377 989 696 8192 698 1376 5441 9516 9252 2541 3906 7990 3614 9954 8788 2758 2573 4796 2508 9476
47 1272 8791 5711 7434 849 5783 3325 6985 832 3366 2673 3477 3122 7901 4913 7162 146 7364 9133 8801 5241 1160 8950 4744 1048 4642 9046 7379 9920 3608 1689 3991 5017 7347 2382 6029 3381 2927 2751 2177 6688 3306 2053 978 7632 2813 6870
50 2571 3168 8406 5402 7141 6418 8484 2883 6706 3281 5235 3555 8559 6466 734 4794 1097 2538 2278 2296 311 8157 284 419 9680 3795 6740 7690 6430 7884 726 655 7346 6132 5287 4958 7134 153 5164 6363 1027 6744 3539 4887 9377 3413 2528 7206 5586 7441
130 6424 6110 3951 5227 9935 2166 6150 6404 3005 3257 4984 7198 8557 7993 8736 1609 8262 5727 3294 9347 5358 3197 4414 1372 7329 7230 7471 5948 9851 3629 9820 8758 3030 3239 554 6843 4873 3276 5970 5868 2695 8213 8962 4525 1227 5218 9090 6912 7020 7704 4959 1630 1784 1605 4208 8566 5332 617 1883 7864 3579 7889 2006 8979 5295 9511 6924 5554 3029 8328 2681 9255 8040 6942 1863 5507 1527 5234 8955 7494 9610 1627 6186 1550 210 7994 9071 8445 9464 92 9890 6141 9926 2036 6101 6216 95 3596 1843 5686 4467 6971 122 5730 7626 1031 3065 6245 290 219 6272 7108 9419 1381 7534 4644 364 1474 1778 4011 4138 7506 253 9240 9155 3709 7492 4027 1134 1410
68 9974 328 271 5856 9691 8370 568 3564 8675 1869 9411 6607 9137 3208 1269 6307 3693 1866 8586 3849 6851 7314 7956 4661 9805 8708 9325 825 9806 3017 4080 892 8351 9087 6485 4511 1625 2742 4090 6381 3697 2293 5717 4143 7040 549 9140 9409 5477 2912 4421 8462 5516 1386 8338 1384 5649 8009 8993 5689 9152 5243 8343 1796 8628 8025 7049 1929
3 6876 142 9326
12 7557 956 9757 119 2056 6710 3445 9625 4020 8727 9536 1558
46 400 4648 513 6003 4502 3426 3068 975 6220 7554 4733 565 533 2934 7430 1313 7465 6711 2783 1240 6922 6338 483 6923 2892 6734 2552 7273 7098 2406 3696 370 6776 7122 4773 6190 476 239 1387 728 5308 8591 8205 4519 2117 8069
37 3632 3585 4973 3176 4630 511 7861 6329 9316 2112 6645 9947 4657 830 6293 9450 9477 9286 225 7092 4171 8642 8671 2696 8694 3531 1257 7015 7655 3936 4646 7972 1339 6544 1159 1038 5841
18 7685 8059 2536 1465 2963 8458 615 6048 1399 916 4136 9988 2159 1551 970 6453 1212 4124
31 3830 3739 9549 4980 5668 854 211 4194 7406 4153 2651 6718 417 8085 4028 7190 502 3051 8086 2060 9042 2999 4659 8449 376 5601 169 8404 1150 3617 2208
8 1956 2939 6517 8596 7433 6753 8131 5244
15 5409 1189 9761 1511 957 8412 3990 1494 4205 5713 5556 7651 5780 4662 8217
10 1567 1965 4619 1853 943 2346 1278 4103 3618 626
9 3802 3181 2969 9249 2703 4172 7896 2169 1948
9 8360 3738 1857 4345 1546 1019 6063 2163 3883
15 7922 1146 254 8667 9681 9641 4318 1319 9524 9634 456 1563 3760 7173 6494
23 2160 2041 9019 3121 6292 6824 7194 2417 6883 7231 2694 6974 2526 3328 9299 412 6452 512 586 9483 5318 5543 4891
12 4034 9035 7171 775 156 5300 8575 2781 9127 7118 7058 6185
18 7253 4855 1845 4815 1 5381 8102 1735 8614 9619 1111 5060 7196 609 9360 773 6467 9430
5 1345 6686 7581 8301 2273
14 9510 3509 1534 5419 4471 5071 3407 7621 8120 6016 1722 3724 6479 8957
6 7569 7693 9943 8583 9329 8543
5 7424 9494 5458 9573 8921
2 7093 4955
18 1560 4078 5636 7211 9846 9952 7837 1620 310 3213 1067 5444 5827 8402 8455 1998 3380 4186
4 8605 4120 3969 8054
15 1491 9830 6340 2385 1430 1441 183 1597 2062 5520 2016 5906 27 7795 8154
2 5571 5501
22 2480 8652 7548 1109 4355 444 4792 4724 2275 8243 6188 1475 3203 6172 2675 5861 6237 3373 3675 3622 5370 9380
8 7075 2545 180 5355 5985 5513 5606 5859
67 8367 9134 942 1215 3468 3875 3542 6222 9429 7174 6652 7398 8323 422 2605 1835 1206 5628 6133 7477 583 5934 2738 1406 5034 7041 4255 9011 9557 761 8555 2143 9144 4585 4387 3105 9104 1601 2686 6809 3190 8379 2585 1565 2577 853 1346 435 9473 1613 5602 172 2181 4139 5866 9402 2578 3513 9466 921 3138 3364 8378 9357 8719 8700 3985
39 5012 4586 7846 9744 2464 7246 1994 2639 1968 91 9495 9563 29 6698 9561 8804 1326 4643 6689 9289 6649 1422 6526 2661 2919 1101 2072 6098 3770 7576 5899 8686 1862 7555 462 4895 6260 247 4622
10 6799 575 6625 4825 7679 3231 3251 3291 1300 3259
6 3225 5179 7533 675 2225 3021
53 8033 2206 7843 4689 9054 4939 9632 4937 987 9264 1030 7513 8952 7847 1355 6771 8324 5838 6261 9070 2622 6641 2548 355 9433 3811 5306 2164 4062 9141 8134 1831 6398 1023 9103 2614 991 4587 4777 688 3292 689 9130 3924 2715 2957 3910 1208 1041 2244 1536 5723 8618
6 8268 5472 1037 9646 976 2627
35 7692 6160 3442 4536 4706 8055 2026 4494 375 1794 8728 9207 7188 1228 166 5189 6234 6712 473 7286 3154 5303 9554 7062 695 2438 6609 3009 8540 492 6527 3560 9223 7404 7252
15 8464 1500 5576 300 1311 1745 6179 524 4070 5360 8867 9916 557 3643 3097
6 1880 1855 3920 7362 3289 8874
3 2591 2597 5173
17 529 5815 4555 6762 1252 9925 4736 6962 23 8197 6318 2430 5098 8824 7025 181 224
12 8444 9303 6247 2893 4789 9112 1078 7860 174 4241 6221 1378
14 1783 4663 2039 8764 7262 7819 2146 6619 2621 8571 6406 4420 8710 7986
16 7934 9037 8529 8274 9842 159 2317 4179 8579 6238 6992 8859 5912 6143 3737 8350
3 5969 9796 1006
46 3066 2992 2305 5285 3557 9819 100 3057 1777 6903 6639 2245 5678 4544 102 8118 6399 992 2904 3732 9138 3778 6965 6244 4207 241 5853 1040 2426 9406 2020 3384 2235 691 9576 313 3775 8806 1738 6902 4767 5039 6583 5665 7825 3032
15 7613 7508 808 5959 3498 1790 7414 3230 1402 1834 9213 744 5548 9766 6342
29 3435 9068 8155 753 3958 6026 8191 1349 8167 9538 2217 4017 4704 8786 1010 372 6836 439 4410 3036 6165 338 293 3016 7217 2777 2634 2530 2276
11 5782 6218 342 6248 599 6067 3859 2662 1828 6439 7472
16 2362 5553 9224 742 8539 7738 2303 827 8135 1687 621 3088 2423 2157 7161 1569
15 9503 9188 1237 6736 6001 114 5605 3908 8930 6385 1451 8582 3458 4846 1343
14 6215 1457 6254 5802 1996 4868 8570 2265 4188 5625 368 5975 5538 3528
3 9044 2897 4374
12 3 3377 1365 4880 7284 3053 9518 1321 9740 5968 2818 5108
5 7622 8720 2590 2755 9677
11 9226 5528 3678 5145 1241 468 4669 4329 4469 1646 7937
3 8556 8147 4929
10 3420 718 2556 1110 1193 9720 7951 5239 4592 2664
19 1100 2711 1908 9282 5771 2973 6402 7438 6182 6119 4021 381 5766 6076 6023 7987 527 5020 1020
16 8795 208 1557 986 4002 3436 8261 3174 3772 918 8465 358 6528 7061 3631 3880
27 3409 842 1634 6670 4196 8420 5112 2167 9180 4652 6582 4353 9623 6121 6757 8229 7493 4206 4677 2107 9817 3382 1498 2232 3827 3313 5629
2 464 5504
10 3233 3495 2299 4878 5849 5577 5297 2049 136 6997
4 9139 3386 5697 2659
5 8302 8856 8047 5253 8171
34 4228 9291 69 4115 2313 9345 1323 5955 7129 4713 3655 5746 4109 3270 7709 3167 7877 9685 4475 4088 629 8698 8198 248 4673 5535 6409 8637 633 8932 3133 4969 8210 7036
7 8739 3160 6455 9815 6879 9117 3204
20 8715 3317 6825 8951 2291 6062 3524 833 5001 3044 4249 2648 3469 7691 2885 6865 1282 1433 3619 144
20 8918 9934 2444 9574 2439 2089 8063 8007 2383 8150 8814 4426 9015 9330 5692 7665 5583 9270 1510 7700
4 9868 7131 3120 3664
13 843 4111 8984 1752 6426 993 4834 9478 8505 3157 4591 2840 2848
7 4128 6833 2542 4816 9827 8414 8535
36 711 2867 8901 7984 1568 4068 2234 4167 8826 9912 6814 4749 1489 5662 1309 5907 463 9238 5064 4396 8298 7769 1518 8953 6659 1667 353 7873 5550 6591 4588 8858 6210 5225 3825 4268
7 2710 1199 5143 6636 8303 4319 2055
16 7891 3220 9319 982 7882 708 4282 9778 2935 1123 7701 2947 9571 6574 4865 616
4 1736 7147 3286 3402
2 1139 9532
2 6127 8019
22 66 4485 7448 7191 3721 3993 2105 9273 6967 1369 9537 7535 6871 7916 1250 1553 3482 3773 4709 9992 5415 6613
13 7903 799 6562 2288 1246 4144 7529 9111 6030 7875 7661 3812 4292
3 9304 3755 2770
6 7403 7453 5958 4489 3562 5174
7 3538 9824 460 860 5281 2983 8480
25 1747 4843 3308 9418 537 6122 9821 9718 8842 9886 260 8873 4335 8247 4712 3177 62 8733 7067 9125 426 5258 3479 2724 9517
9 4989 9896 9089 5708 7474 9292 3222 1247 2544
8 5367 1750 2254 5670 1844 4317 7641 2586
4 2033 5172 8740 5953
7 9774 1235 6008 1266 5413 4803 9172
5 5604 710 3588 3857 638
11 8585 5263 6579 5465 7915 4653 4302 1047 5184 465 2509
35 5371 2613 3940 5250 7267 7266 1592 5473 6519 3463 6201 2737 1771 2078 7004 3606 1980 3925 2151 3267 216 9779 9022 800 9706 7552 5675 7353 7962 8246 4852 5093 9251 20 4750
29 3104 8447 9382 2335 6021 5990 3921 1873 3566 3601 47 3510 7567 3740 408 8550 3877 7645 9346 7187 8851 9822 872 5156 1785 3895 663 8331 4145
13 715 337 7890 4526 6704 6646 5765 1953 3824 8553 9638 7182 5398
7 9458 282 4942 6983 4006 6919 9906
33 7456 2366 2233 2377 3666 9684 9031 5777 5437 374 6484 2240 4664 7558 2543 2663 2652 990 4300 5405 4970 4947 9939 6042 5032 2129 4549 4429 9072 2616 2099 5720 7460
10 812 5600 4038 5704 232 8903 3892 4047 9354 8375
9 3077 6873 7237 405 1909 4069 3093 3994 7111
4 5799 2207 7467 8527
2 6748 6288
5 4466 2212 7026 1418 231
30 7372 5466 6168 6356 8823 6818 507 506 7686 9712 5486 9800 6821 3799 5188 7967 8534 4499 5305 7065 582 4515 4014 7823 3939 2081 3288 5646 6170 4156
3 2845 4553 4987
4 1142 4063 9776 1559
3 7885 9970 5944
11 9968 4087 7341 5040 320 8431 7849 9671 1923 472 4158
4 7740 7369 3723 9915
5 4328 7445 9281 2691 8847
20 9702 665 2140 7207 348 4756 1697 9182 2930 2797 9002 560 9262 9731 9481 3735 6746 8664 3279 9227
9 6393 9617 713 7255 1997 5712 1318 1705 4348
19 6476 8075 6663 6541 1833 3249 4260 9128 8290 7512 5213 8892 6316 1414 6473 4875 3390 9673 1547
5 3992 8693 3400 2130 4091
27 3901 3640 8486 6041 8816 354 1734 7874 2184 7234 138 1799 6378 5134 5559 4840 1756 6772 3123 1578 6362 4889 4655 6929 8853 2134 3589
14 8928 3470 9225 3416 1702 5323 1914 112 4528 4423 6370 7212 4725 9334
19 9151 7457 649 6279 4888 4130 1521 1644 697 3790 3623 8869 7380 1480 3646 8062 5998 5631 5125
9 5500 8233 1717 2574 6259 5273 8870 391 4432
2 3478 7783
2 343 7115
7 2231 4232 6040 6071 7902 9374 8178
15 2270 3974 4636 2220 3798 2938 5163 6059 7164 3216 9436 7383 9722 7766 8122
17 2304 4720 7811 39 5557 9836 7010 2187 876 2954 448 8272 6672 7009 5252 6795 6271
8 3401 878 520 9426 1969 4257 2441 4338
25 193 1721 1106 3584 8864 3314 6909 2141 7931 4866 4104 9729 9219 4532 8239 8799 2393 7120 7366 8225 3425 1176 7609 3043 8163
12 8485 4872 4404 4602 4245 3370 5433 7808 1340 1003 7375 7713
5 852 4654 8862 6458 5063
4 317 3929 9131 1304
8 120 6283 967 9652 618 2988 737 7601
25 7135 3807 8902 2787 4966 9497 1725 1220 3393 3663 1046 7274 9023 2419 505 5530 9107 1742 2891 1039 6369 1520 6383 5029 1009
10 8996 6647 6893 2110 8782 5426 8631 4031 295 1887
3 4160 8087 2271
12 3406 6149 46 6608 9425 6463 4847 7360 4548 4949 4799 6507
5 5359 1256 2928 3064 4042
5 4836 9696 3529 5857 4013
2 1653 1226
14 5180 4730 1057 4850 5882 8383 1450 8821 7741 7528 4835 3937 7527 263
6 2539 5829 7078 6284 6191 6152
5 694 9651 2598 3110 8947
3 9050 8941 7133
17 8956 3146 9752 55 2327 8840 9364 7156 739 7574 4546 9628 164 5237 6752 1261 8185
3 9990 8113 3586
14 9038 9192 4981 1412 2809 196 9985 8028 1930 2801 5965 1108 6650 5682
22 5400 4331 5491 6587 6360 8876 4195 550 8023 2907 1944 7205 2504 9392 2390 6939 4445 2833 4976 778 6750 4716
4 5905 3933 9770 5471
8 6596 5901 6946 668 8702 6183 3408 9860
6 8644 1669 9936 6789 998 3069
4 5862 4226 8337 1293
14 5632 8450 816 1012 5656 6806 1907 7610 5858 6164 3269 4365 325 5848
7 2414 6061 2996 7365 5231 8594 722
8 9785 5210 3534 8212 6730 5442 6060 406
6 1505 7306 5280 3514 1055 795
19 8767 1861 4711 1394 9376 7630 9407 7791 9026 7807 5340 1741 9784 7440 5262 2831 3316 3749 6113
4 5994 5279 1001 1207
10 9505 3672 9327 7272 9969 760 2618 2862 1805 9176
10 8259 935 7043 8020 7150 4594 1700 4819 170 3850
7 1401 793 9342 2058 3480 1254 994
8 1589 7103 3753 5523 5794 7148 8718 3975
8 2601 7525 7594 1800 3295 7647 9097 5390
13 7787 9751 7595 2260 4781 9595 6642 4821 7982 2214 8439 59 1082
3 4293 1718 6721
2 2203 2322
4 6633 1332 8098 6350
5 8595 8482 9560 1701 5547
10 6738 1224 9039 8889 3332 2484 9692 308 8057 8453
3 3466 5939 4177
12 7203 3885 6580 1232 8766 3475 7515 7226 98 7209 5790 5821
13 5212 671 1102 4990 5803 8257 461 6888 3340 365 9167 2410 1359
3 4264 4133 5230
33 3054 8035 8615 3119 7245 4986 2900 9710 1676 9158 9171 2482 4605 2171 8768 7342 5658 6251 9300 8960 4718 9734 6963 7502 8334 8624 9361 3999 3556 6920 3742 6819 4277
29 141 6538 2982 9065 6392 1884 2551 607 7840 6969 660 3403 1276 7463 8194 646 403 415 7048 3394 1838 8774 3073 7309 7158 8223 8123 5293 1823
5 8855 4444 4508 7714 8770
7 6471 43 8039 6169 5886 2243 7733
5 8690 1210 5449 4281 398
7 9114 9053 3164 1954 6275 590 1088
21 7287 1121 6529 7180 9543 6208 6159 6450 5699 6550 9631 4558 2338 7333 5330 4148 2306 2866 1973 6257 8517
18 2079 8973 6013 8854 1595 3430 1271 5289 8945 1710 1364 4113 6054 8639 1028 351 4350 5666
12 9276 7941 3326 2523 9645 494 4285 3904 6657 5847 5408 2227
3 2302 3984 1439
23 3271 2179 8148 1509 9882 5464 4121 2468 9321 6713 2332 1217 4979 5981 4304 9662 237 9372 179 5403 4844 1931 8898
13 4125 4595 4690 7296 2513 2670 1681 4394 4685 8547 8096 759 5891
13 9679 5902 5881 3450 8326 2835 4566 6708 2599 2281 6548 5046 2964
11 6956 147 2641 523 8376 545 6565 8514 6603 5265 9545
4 4710 8283 9736 7731
5 2328 7824 8044 805 8001
8 76 1251 5816 9613 780 7172 2286 9937
8 6699 6722 6181 3443 3095 2767 9558 7758
2 4790 757
8 6491 5160 5070 6125 2415 4907 8319 9753
3 7410 4320 1562
4 345 5447 4951 5476
6 5028 8011 5450 2877 5900 4127
2 910 5592
8 6162 2688 7656 4478 1711 9102 8424 3218
8 1587 4119 3774 1017 7887 339 2408 7586
2 566 9834
14 8551 2 133 1424 636 93 1967 724 6138 9508 9421 1306 9635 2019
3 2449 5334 9829
13 3453 3651 6493 2975 7580 9485 128 5757 7602 5182 1580 8490 7393
12 1707 6324 814 5132 6382 2739 8347 5518 8408 4037 7146 840
7 5010 7482 5508 9918 6 6931 2090
15 8988 6839 7549 3912 1538 116 1989 7543 38 1184 4431 3832 7886 962 1962
3 934 6492 8884
11 2657 6634 7792 4481 3615 5377 8783 8912 1737 9311 2463
4 5436 5058 9700 980
9 5611 2584 4336 1423 25 8181 1826 4909 3347
3 8944 8808 6559
4 6627 3185 9577 906
15 8182 6602 6951 3323 589 2348 6332 2473 3680 5660 7684 7321 9383 7356 1758
2 2839 9569
14 1660 5620 4877 7422 3866 4772 1871 1639 1392 3278 9474 9014 5854 2609
18 2846 3765 9160 1981 1470 9694 2241 9000 8830 9987 1477 96 2587 6572 8922 3690 3887 8980
6 4656 6523 5425 4863 707 8654
2 5819 4296
6 7802 4276 9907 6546 8552 6364
10 1198 857 2228 2021 2102 2687 3599 3071 811 392
6 6173 2952 2967 8520 2238 818
20 7323 3966 9394 175 8021 5539 8187 9737 9165 8940 9109 8176 5695 7988 6280 4327 2292 6751 9938 321
16 3746 8506 9981 1324 4213 8038 7066 377 6333 5875 7140 1299 6943 7409 7335 8519
13 2453 9265 493 9526 8521 6749 9845 6677 4200 1223 8 3559 7011
8 7914 5870 7324 2472 8899 5337 8674 7459
5 402 9899 5136 6241 3679
3 4 7789 8119
2 6595 2540
6 6120 1584 3710 2314 5865 3620
11 5082 2126 864 6896 2802 1949 4938 3037 4589 5988 8612
4 3636 9897 4057 5714
7 5957 1348 1248 9611 6885 4018 758
3 9881 1677 4185
13 5351 4879 4944 3986 4385 5585 1821 8635 2392 1070 6826 424 1137
14 1637 7561 1723 4347 8121 1449 8896 2792 835 766 6834 3460 4911 6242
3 9153 1652 437
10 8346 2399 3050 4370 2971 3888 1614 5876 3860 1939
2 1290 3107
6 9033 9100 7278 9823 9811 8430
3 903 4311 8939
9 2431 2837 6167 6692 3487 2284 8357 2926 5931
5 8466 915 9984 7002 6644
8 5679 6858 2716 4574 4313 1230 794 6087
2 3284 8865
2 2922 7881
4 4927 1454 8106 5376
4 3726 931 4490 3656
22 4352 2898 3879 2568 6566 3862 1004 4117 2989 2174 5709 3851 5278 9704 1469 1163 7605 9055 1941 8200 7123 4446
5 2272 7894 786 430 4332
11 223 2215 9725 2340 2500 521 8983 8924 7523 1472 2819
8 7542 9583 490 9278 6513 8538 3858 6853
7 9093 6980 7254 3467 5057 6405 6518
8 9079 3961 367 1122 4126 3677 6073 8463
8 6155 4787 4628 4209 882 4506 4695 1951
2 3500 2773
5 9828 7556 2279 9396 9721
10 7764 7900 2082 893 8568 5081 7634 6408 4479 6994
4 7085 5879 2032 6533
24 5514 9816 1050 5565 8656 2017 173 4992 1357 5167 1471 4369 4323 1668 9183 1854 806 1604 8361 1999 4801 1502 1573 3255
21 8617 5684 2972 9928 6268 9482 425 8991 3124 1768 8798 4884 4776 9980 8214 2702 5021 5700 8610 6917 3903
5 9136 240 1456 3134 8374
3 3591 7235 9831
2 8327 1204
5 851 7598 5624 587 7537
2 3012 4568
10 5375 9837 865 3052 2535 3182 3686 6977 1087 8008
2 3712 8137
15 3789 2937 908 3424 8573 6200 751 292 5837 9923 9945 7536 824 7017 8332
21 3550 3699 2596 8291 7220 5622 1143 2122 2345 7757 3625 6908 2153 699 9462 8545 1513 90 2200 9614 3928
3 278 5637 5758
2 1865 4683
2 3335 3838
6 5963 5183 841 5655 1892 3611
8 1453 4035 949 9272 1522 3229 7943 8308
6 5052 3796 7551 327 3535 2677
2 8083 796
12 8285 2600 6638 4854 3260 9036 2014 5641 4596 8606 4641 6433
3 7308 6258 790
6 4705 7830 3704 6472 1602 6840
5 250 8438 4870 4962 7042
3 1841 2280 2138
22 9187 580 9463 2118 5291 7415 6000 4147 6989 6850 3685 5995 6367 8266 8373 3136 7578 5706 1856 2085 3543 7311
5 7618 491 7413 7289 7899
3 3515 2073 7001
4 801 2274 4476 685
16 4003 5764 7301 3583 7316 5009 6907 5356 647 7961 1554 5993 7815 8032 9317 2221
4 9940 2312 9993 4883
2 4040 3665
3 8794 8211 5474
11 5552 8576 2190 8813 997 1920 8145 4995 810 5798 431
12 5525 9929 7619 2285 7635 3756 8115 996 6911 4451 8897 9004
12 5663 4714 7370 2958 1692 8413 6197 7812 3159 2018 7138 1642
20 4297 4029 3537 2754 1913 9457 3117 4764 5690 5792 8820 5522 4190 9060 6758 7504 2236 1033 2516 749
5 7748 1341 2814 2411 7985
18 6263 4758 622 7799 2074 2216 7876 5566 477 2717 9949 30 9801 3805 4395 7322 3848 1327
7 639 9397 4443 9150 3907 8265 3781
3 6465 1958 3791
4 7077 540 9461 6080
14 5245 4227 8469 5648 5196 162 4603 5200 8537 5947 1413 7303 5855 2300
3 7921 5874 2172
2 1972 8363
2 5446 2457
8 2901 6253 6816 104 6232 2289 9259 5361
7 7394 8590 1148 4606 6246 1579 8078
2 7649 1898
3 8226 70 2376
23 1415 4696 2791 5710 5540 3989 150 3462 6255 3490 7666 7102 9640 6474 8609 1072 5080 8512 1889 4529 9446 4778 86
6 8760 194 4248 2722 3688 8722
13 7344 3565 6563 2916 2497 9179 1264 9328 6345 1598 2375 6294 3863
14 7707 4770 1870 9777 8208 7827 4480 2871 1763 45 7396 6978 6434 4140
3 9041 2794 9215
3 4279 3111 1093
4 2467 9878 7069 8622
5 7867 2771 9496 8726 2185
6 1051 272 9793 82 5312 5232
5 1330 155 7958 5294 9650
2 635 3264
2 4531 9765
3 1388 2880 7751
17 7870 1186 3785 9190 1443 459 3952 9809 2790 199 1245 9284 8800 4965 1544 7496 1115
2 7112 7568
7 4560 7671 2252 7310 7297 9876 7215
2 9387 8959
2 5647 8138
9 7732 5124 6161 5383 905 1432 3725 4649 828
3 8541 2847 1576
2 7391 7565
4 6982 9709 1699 9850
13 3893 3748 1307 7570 8616 4334 4822 7868 2111 9839 4516 3126 9025
5 2547 4521 1316 4273 9146
5 6481 1961 2821 7968 4554
11 5885 8395 1154 9237 9902 214 335 551 2800 3522 7281
4 4572 727 234 7742
3 2932 4339 4220
8 2668 1657 8632 5194 8531 8643 4049 4393
15 2320 4782 2077 645 674 3396 3512 9657 4940 3947 2799 1942 5317 6514 729
6 1145 6025 9194 9930 8607 2152
2 9764 2329
4 2729 5976 5977 6384
7 3573 8917 8745 4093 3861 9977 7906
3 3870 6470 8278
4 4604 2864 5661 8429
3 8372 6569 5973
11 3173 4406 6808 1431 7389 3923 3113 8385 3965 579 2492
5 2649 2479 683 3172 1377
3 8396 1966 7996
5 7724 5366 244 6981 9277
4 682 9892 3780 5434
3 4721 3042 1084
3 8070 9637 9499
9 5503 4658 6009 4493 7014 4904 7831 3378 2610
4 3338 8613 455 5616
4 3671 349 4424 6665
2 5047 8232
8 2330 9159 1872 7770 5158 1496 432 4779
15 2395 396 9566 428 7446 5120 7236 9795 3083 9950 9388 1716 8510 2337 7834
4 8314 8641 7702 9782
5 7682 3867 1455 6944 8397
8 1320 4359 963 4876 8672 8391 535 1191
8 9491 7813 5368 6979 5581 8091 5055 6441
7 680 6605 5394 3476 4818 845 5825
19 6703 382 2979 4957 1537 5238 4384 2012 8936 6835 6887 5085 87 7838 2168 620 6109 6365 6212
3 6585 6093 3836
2 6676 2224
6 6097 4391 6998 9169 56 7166
16 9633 8277 5892 9487 85 7633 74 9410 6930 1804 2857 1460 3754 5079 6461 9024
3 4024 2007 797
2 3741 2940
4 2951 2620 5545 7524
9 5240 1852 6425 6927 1201 2470 7793 1052 5896
9 7636 8970 2589 5214 1177 8401 7080 447 8156
8 3199 2455 5129 7073 8380 9997 5653 3238
4 4731 6118 8311 5443
3 9818 6993 3987
19 9263 2515 4246 6764 4924 3621 7334 2397 2121 8407 9859 5603 9813 1902 9185 1444 8081 5159 2786
5 1685 4953 1655 2113 5485
2 3224 2321
2 443 1015
2 4741 807
3 8954 9123 5150
2 9507 770
5 3454 624 6857 6322 9711
14 5054 6420 4270 8421 5626 4092 256 279 22 1629 1286 4197 2961 7057
2 9909 4203
18 8440 4699 2525 2230 4682 4698 9083 5529 5220 8258 1519 870 1053 4258 9553 1485 662 6158
5 7384 9371 1287 5817 12
5 4283 7436 6959 2606 1599
8 2477 2115 7794 9621 5430 6668 2698 7228
2 5760 302
9 457 1294 8094 4344 2714 6597 2000 9196 4286
5 315 7208 9871 6051 8433
4 887 8161 926 690
2 3719 316
9 7210 2805 8933 8564 1891 9894 4131 9120 5652
6 6615 9116 1693 4389 1633 2502
8 9594 7999 4933 1452 8082 4149 9749 7219
2 3014 6521
5 3973 4430 4289 831 4157
6 8193 9810 2248 4266 2421 4723
4 4827 3652 8279 4305
