209 0 1 2 3 4 5 6 7 8 9 10 11 12 13 14 15 16 17 18 19 20 21 22 23 24 25 26 27 28 29 30 31 32 33 34 35 36 37 38 39 40 41 42 43 44 45 46 47 48 49 50 51 52 53 54 55 56 57 58 59 60 61 62 63 64 65 66 67 68 69 70 71 72 73 74 75 76 77 78 79 80 81 82 83 84 85 86 87 101 102 103 104 105 106 107 108 109 110 111 112 113 114 115 116 117 118 119 155 156 157 186 187 188 189 190 191 192 193 194 195 196 197 198 199 200 201 202 203 204 205 206 207 208 209 210 211 212 213 214 215 216 217 218 219 220 221 222 223 224 225 226 227 228 229 230 231 232 233 234 235 236 237 238 239 240 241 242 243 244 245 246 247 248 276 601 602 603 604 605 606 607 608 609 624 625 626 627 628 629 630 631 632 633 634 635 636 637 638 639 640 641 642 689 4764 4765 6059 6060 9865 9999
32 88 89 90 91 92 93 94 95 96 97 98 99 100 120 121 122 123 124 125 126 127 128 129 130 131 132 133 3350 6428 6535 9998 9998
2 9997 9997
95 585 586 587 588 589 590 591 592 593 594 595 596 597 598 599 600 610 611 612 613 614 615 616 617 618 619 620 621 1047 1048 1049 1050 1051 1052 1053 1054 1055 1056 1057 1058 1059 1061 1066 1067 1068 1069 1070 1071 1072 1073 1074 1075 1076 1077 1078 1079 1080 1081 1082 1083 1084 1085 1086 1087 1088 1089 1090 1091 1092 1093 1094 1095 1311 1312 1313 1314 1315 1316 1317 1318 1319 1320 1321 1322 2692 2693 4630 5360 5803 5804 5805 5806 5807 9977 9996
19 525 526 527 528 529 530 531 532 533 534 535 536 3122 3123 3124 3125 9570 9989 9995
180 134 135 136 137 138 139 140 141 142 143 144 145 146 147 148 151 152 153 154 158 159 160 161 174 175 176 177 178 179 180 181 182 183 184 185 249 250 251 252 253 254 376 377 378 379 380 381 382 383 384 385 386 387 388 389 390 391 392 393 394 395 396 397 398 399 400 401 402 403 404 405 406 407 408 409 410 411 412 413 414 415 416 417 418 419 420 421 422 423 424 425 426 427 428 444 445 446 447 448 449 450 473 474 475 476 477 478 479 480 481 482 483 484 485 486 487 488 489 490 491 492 493 494 495 496 497 498 499 500 501 502 503 504 505 506 507 508 509 510 511 512 513 514 515 516 517 518 519 520 521 1203 1204 1205 1206 1207 1208 1209 1210 1211 1212 1213 1214 1215 1216 1217 1218 1414 1415 1416 1417 1418 1447 1448 1449 1450 1451 3242 3264 9994 9994
146 332 333 334 335 336 337 338 339 340 341 342 343 344 351 352 353 354 355 356 357 358 359 360 361 362 363 364 365 366 367 368 369 370 371 372 373 374 375 429 430 431 432 433 434 435 436 437 438 439 440 441 442 443 451 452 453 454 455 456 457 458 745 746 747 748 749 750 751 752 753 754 755 756 757 758 759 760 761 762 763 764 765 766 767 768 769 772 773 774 775 776 777 778 779 780 1185 1186 1195 1196 1197 1198 1199 1200 1201 1202 1219 1220 1221 1222 1223 1224 1225 1246 1247 1248 1249 1250 1251 1252 1253 1254 1255 1256 1257 1258 1259 1260 1261 1262 1263 1264 1265 1266 1267 1268 3523 3524 3525 3526 3527 4136 4137 4138 4139 9987 9993
70 326 327 328 329 330 331 345 346 347 348 349 350 459 460 461 462 463 464 465 466 467 468 469 470 725 726 727 728 729 730 731 732 733 734 735 736 737 738 739 740 741 742 743 744 770 771 781 782 783 784 785 786 787 788 789 790 791 792 793 794 795 796 797 798 799 800 801 802 9990 9992
46 723 724 1129 1130 1142 1143 1144 1145 1146 1147 1148 1149 1150 1151 1152 1153 1154 1155 1156 1157 1158 1159 1522 1862 1863 1864 1865 1866 1867 1868 1869 1870 1871 1872 1873 1874 1875 1876 1877 6045 6046 6047 9518 9564 9991 9991
7 718 719 720 721 722 9980 9988
96 305 306 307 308 309 310 311 312 313 314 315 316 317 318 319 320 321 322 323 324 325 697 698 699 700 701 702 703 704 705 706 707 708 709 710 1112 1113 1114 1284 1285 1286 1287 1288 1289 1290 1291 1292 1293 1294 1295 1296 1297 1298 1299 1300 1301 1302 1303 1304 1305 1306 1307 1308 1309 1310 1323 1613 1614 1615 1616 1617 1618 1619 1620 1621 1622 1623 1624 1625 1626 1627 1628 1629 1630 1631 1632 1633 1634 1635 1636 2755 2756 2757 2761 9986 9986
36 149 150 162 163 164 165 166 167 168 169 170 171 172 294 295 296 297 298 299 300 301 302 303 304 690 691 692 693 694 695 4121 4122 6539 6590 9985 9985
17 1110 1111 1115 1180 1191 1192 1193 1194 1226 1227 1228 1229 1230 1231 1245 9984 9984
25 173 255 256 257 258 259 260 261 262 263 264 265 266 267 268 269 270 271 272 273 2733 2734 4669 9975 9983
18 1465 1466 1467 2481 2482 2483 2484 2485 2486 2487 2488 2489 2490 2491 6851 9943 9981 9982
26 680 681 682 683 684 685 686 1270 1271 1272 1273 1274 1275 1276 1277 1278 1279 1280 1281 4033 4034 4035 4036 4037 9971 9979
27 274 275 277 278 279 280 281 282 283 687 688 696 711 712 713 714 715 716 1133 1134 1135 1136 5346 8566 8597 9978 9978
22 1184 1187 1188 1189 1190 1232 1233 1234 1235 1236 1237 1238 1239 1240 1241 1242 1243 1244 1269 3568 9966 9976
14 285 286 287 288 289 1124 1125 1859 1860 1861 2518 2519 9964 9974
8 284 3765 3766 3767 3768 3795 9973 9973
22 1140 1141 1160 1161 1162 1163 1164 1165 1166 1167 1168 1169 1170 1171 1172 1173 1174 1175 2212 7648 9937 9972
10 1178 1179 1181 1182 1183 3762 3763 3794 9970 9970
11 290 291 292 293 471 472 522 9056 9890 9953 9969
34 670 671 672 673 674 675 676 677 678 679 1598 1599 1600 1601 1602 1603 1604 1605 1606 2050 2051 2052 2053 2054 2055 3706 3707 3708 4690 4691 9344 9365 9968 9968
5 1585 1587 1588 9940 9967
24 576 577 578 579 580 581 582 583 584 622 623 643 644 645 646 647 1108 1109 1116 1975 1976 7563 9963 9965
7 523 524 3208 3209 9146 9885 9962
17 665 666 667 668 669 2263 2265 2266 2267 2268 2269 2270 2271 2272 2273 9959 9961
2 9958 9960
2 9957 9957
42 659 660 661 662 663 664 1060 1062 1063 1064 1065 1096 1097 1098 1099 1100 1101 1102 1103 1104 1105 1106 1107 1117 1118 1119 1120 1121 1122 1123 1126 1127 1128 1131 1132 1137 1138 1139 1176 1177 9955 9956
6 2822 2823 2824 2825 9877 9954
21 653 654 655 656 657 658 1845 1846 1847 1848 1849 1850 1851 1852 1853 2383 2384 4295 4298 9952 9952
23 569 570 571 572 573 574 575 648 649 650 651 652 717 1039 1040 1041 1042 1043 1044 1045 1046 9949 9951
6 1799 6808 8565 8662 9950 9950
21 537 538 539 540 541 542 543 544 545 546 548 553 554 1659 1660 1794 1795 6826 8445 9946 9948
8 1784 1785 1786 1787 8823 9095 9947 9947
18 1029 1030 1031 1032 1033 1376 1377 1378 1379 1380 1381 1382 1383 1384 7882 7883 9932 9945
23 1783 2146 2147 2148 2676 2677 2678 2679 2680 2681 2682 2683 2684 2685 2686 2687 2688 2689 2690 2691 7007 9936 9944
28 961 962 963 964 965 966 967 968 969 970 971 972 973 974 975 976 977 978 979 980 981 982 983 984 985 986 9931 9942
33 1640 1641 1642 1643 1644 1889 1890 1891 2125 2126 2127 2128 2129 2130 2131 2132 2133 2134 2135 2327 2339 2608 2609 2610 2611 2612 2613 3194 3195 9924 9939 9941 9941
17 1511 1512 1513 1514 1515 1516 1519 1520 1521 1523 1524 1525 1526 7301 7329 9938 9938
11 1716 1717 1718 1719 1757 1758 1759 5816 5829 9935 9935
4 1019 8598 9933 9934
5 883 1035 1036 9920 9930
36 557 558 559 560 561 562 563 564 565 567 993 994 995 996 997 998 999 1000 1001 1002 1020 1021 1022 1023 1024 1025 1026 1027 1028 1589 3149 3150 6549 6550 9929 9929
45 933 934 935 936 937 938 939 940 941 942 943 944 945 946 947 1436 1437 1438 1439 1440 1441 1442 1443 1444 1445 1446 1452 1453 1454 1455 1456 1457 1458 1459 1460 2314 3782 3783 3790 3791 3792 3793 6573 9917 9928
3 8811 9913 9927
28 956 957 958 959 960 987 988 989 990 991 992 1003 1004 1005 1006 1007 1008 1009 1010 1011 1586 1590 2390 4629 7299 7300 9900 9926
2 9831 9925
5 1842 5524 5525 9923 9923
27 1782 1788 1789 1790 1791 1792 1793 1796 1797 1798 1968 1969 1970 1971 1972 1973 1974 1977 1978 1979 1980 2294 2295 2296 6213 9915 9922
19 928 929 930 931 932 948 949 950 951 952 953 954 955 2243 2244 3559 3560 9914 9921
29 551 552 555 556 566 568 914 915 916 917 918 919 920 921 922 923 924 925 926 927 2730 3643 3644 4412 4413 4414 4668 9919 9919
18 1578 1579 1912 1913 1914 1915 1916 1917 1918 1919 3770 6819 6820 6821 9895 9897 9918 9918
5 2370 9159 9165 9916 9916
9 6974 7782 7783 8187 8188 8799 8802 9912 9912
5 4887 7297 7298 9911 9911
65 845 846 847 848 849 850 851 852 853 861 862 863 864 865 866 867 868 869 870 871 873 874 875 876 877 878 879 880 881 882 884 885 886 887 888 889 890 891 892 893 894 895 896 897 898 909 910 911 912 913 1012 1013 1014 1015 1016 1017 1018 1498 1499 1500 1501 3517 3701 9910 9910
50 838 839 840 841 842 843 844 854 855 856 857 858 859 860 872 899 900 901 2004 2005 2100 2101 2102 2103 2104 2105 2106 2107 2108 2109 2110 2111 2112 2113 2114 2115 2116 2117 2118 2119 2120 2121 2122 2123 2621 2622 2623 2624 9894 9909
21 547 549 815 816 817 818 819 1358 1359 1360 1361 3200 3201 3779 3784 3785 3786 3787 4038 9908 9908
40 814 820 821 822 823 824 825 826 827 828 829 830 831 832 2041 2042 2043 2044 2045 2046 2047 2257 2258 2259 2260 2261 2262 2264 2274 2275 2276 2277 2278 2279 2280 2281 2282 2285 9907 9907
14 1573 1574 1575 1576 2320 2535 2536 2537 2538 2539 2540 4434 9892 9906
22 1471 1472 1473 1474 1475 1476 1477 1478 1479 1480 1481 1482 1483 1484 1485 1486 3535 3536 8537 8593 9905 9905
18 803 804 805 806 807 809 810 811 812 813 2078 2241 2242 2245 7989 8820 9903 9904
6 550 4869 4870 4871 9901 9902
5 2233 2234 2240 9899 9899
13 808 1037 1038 2932 2933 2934 2935 2936 2937 2938 2939 9896 9898
13 1491 1492 1493 1494 1495 1496 4399 4400 5972 5974 5989 9893 9893
5 1572 1577 1654 9891 9891
9 3248 3249 3250 3251 3252 3253 3509 9889 9889
2 9858 9888
2 9887 9887
9 1745 1746 1747 1748 1749 1750 8507 9884 9886
5 1726 3387 3391 9883 9883
5 3041 3042 9556 9870 9882
6 2852 2921 7980 7981 9878 9881
13 2331 2332 2333 2530 2531 2532 2533 2534 2727 2728 2735 9880 9880
17 2716 2717 2718 2719 2720 2721 2722 2723 2724 2725 2726 3241 3243 3244 7627 9851 9879
15 834 1752 1753 1754 1755 1756 1760 1761 4827 5416 5417 5418 5419 9876 9876
26 833 835 836 837 902 903 904 905 906 907 908 1034 1282 1283 1324 1325 1326 1327 1328 1329 1854 1855 7035 7259 9875 9875
6 1964 1965 1966 1996 9874 9874
6 6795 6796 6797 9514 9867 9873
2 9872 9872
6 3234 3235 4456 4457 9845 9871
5 9135 9136 9138 9869 9869
2 9868 9868
5 3900 7320 9818 9843 9866
6 2873 2874 2875 2949 9864 9864
29 1464 1468 2048 2049 2056 2057 2058 2059 2060 2061 2062 2063 2064 2065 2066 2067 2068 3224 3225 3226 3227 3228 3229 4888 4889 4890 8496 9862 9863
2 9859 9861
4 6004 9850 9852 9860
7 2364 2365 2366 4044 4116 9857 9857
7 2037 2038 2039 2040 2235 9856 9856
6 3215 3216 3217 4319 9854 9855
4 3197 3198 9841 9853
7 3780 3781 7644 8147 8163 9849 9849
8 2293 2636 2637 2638 2639 2731 9848 9848
4 6807 9814 9846 9847
6 4312 4824 4825 4826 9838 9844
5 3510 3511 3512 9840 9842
10 1744 2012 2013 2014 2015 3745 3746 3748 9835 9839
3 9830 9832 9837
10 1768 1769 1770 1771 1772 1773 1774 1775 9824 9836
16 3936 3937 3938 3939 3940 3941 3942 3943 3944 3945 3946 3947 7770 7771 9828 9834
6 4432 4433 4437 4440 9833 9833
17 1538 1539 1736 1737 1738 1739 1740 1741 1742 1743 2913 2914 5495 9380 9381 9827 9829
2 9825 9826
11 2931 2940 2941 2942 5403 6538 6540 6541 6542 9823 9823
2 9822 9822
8 1825 1826 1827 1828 3906 4227 9812 9821
2 9820 9820
14 1433 1434 1435 1461 1462 2869 3903 3904 7626 8466 8467 8485 9819 9819
11 1834 1835 1836 1837 1838 1839 1840 1841 1843 9811 9817
6 1407 1408 1409 1537 9816 9816
7 1570 3611 3612 3613 3614 9703 9815
22 1424 1425 1426 1428 1429 1430 1431 1432 1463 1469 1470 1487 1488 1489 1490 1497 4310 4311 7973 7983 9813 9813
13 1567 1568 1569 1571 1580 1581 1582 3734 3735 3736 5539 9808 9810
5 4302 4303 4305 9809 9809
20 1832 1833 2023 2024 2025 2026 2027 2028 2029 2030 2031 2032 2033 2035 2137 2138 6680 6681 9805 9807
2 9799 9806
2 9804 9804
24 1565 1566 1607 1608 1609 1610 1611 1612 1637 1638 1639 2002 2003 2006 2007 2008 2009 2010 2011 2016 2017 2229 9803 9803
11 1561 1999 3744 4030 4031 4032 4659 9728 9792 9802 9802
6 7244 7245 7246 7371 9801 9801
5 3470 5069 5090 9800 9800
6 3207 3210 3211 3381 9798 9798
2 9797 9797
9 3362 3363 3364 3365 3366 6184 6185 9774 9796
4 2857 2858 9788 9795
6 2606 2607 5554 5610 9794 9794
5 3153 3911 3912 9691 9793
2 9789 9791
31 1594 1595 1596 1597 1645 1646 1647 1648 1649 1650 1651 1652 1653 1655 1656 1657 1658 1661 1984 1985 1986 1987 1988 1989 2329 2358 2359 2360 2510 9790 9790
2 9773 9787
26 1386 1387 1388 1389 1390 1391 1392 1393 1394 1395 1396 1397 1398 1399 1400 1401 1402 1403 1404 2929 2930 2943 9697 9781 9786 9786
10 1555 1556 1557 1558 1559 1560 1562 1563 9768 9785
10 4005 4006 4007 4008 6673 6674 9782 9783 9784 9784
11 4395 4398 4401 4402 4403 4404 4405 4406 4410 9780 9780
14 2603 2604 2605 6029 6049 6050 6051 6052 6053 6801 6802 6803 9770 9779
30 1830 1831 1844 1856 1857 1858 1878 1879 1880 1881 1882 1883 1884 1885 1886 1887 1888 1960 1961 1962 1963 1967 1981 1982 8680 8681 8682 8683 9765 9778
4 1954 1956 9777 9777
39 1530 1531 1532 1533 1534 1535 1536 1540 1541 1542 1543 1544 1545 1546 1547 1548 1549 1550 1551 1674 1675 1676 1677 1678 1679 1680 1681 1682 1683 1684 1685 2525 2526 2527 2528 6426 6427 9776 9776
4 7401 7402 9767 9775
5 1823 1824 1829 9772 9772
4 3550 3551 9766 9771
8 1338 1339 2572 2573 5060 5307 9769 9769
2 9743 9764
6 4391 4392 5283 5289 9763 9763
7 2831 3519 3520 3521 3529 9762 9762
8 1817 1818 1819 1820 1821 1822 9759 9761
5 4064 4065 4074 9760 9760
14 2732 2736 3148 3151 3152 3710 3711 3712 5389 5390 5391 6850 9757 9758
2 9751 9756
2 9754 9755
5 1997 2698 2841 9753 9753
20 1364 1365 1366 1367 1368 1369 1370 1371 1372 1373 1374 1778 1779 1780 1781 1800 1801 1802 9750 9752
7 1564 4318 5051 7531 7532 9748 9749
2 9747 9747
17 3144 3145 3146 3147 3191 3192 3193 3196 3776 3777 3778 7265 7268 7269 7302 9746 9746
3 2523 9742 9745
5 6982 7606 7646 9744 9744
3 9738 9740 9741
36 2304 2305 2306 2307 2308 2309 2310 2311 2312 2313 2315 2316 2317 2318 2319 2321 2322 2323 2324 2325 2326 2328 2559 2673 2674 2675 2694 2695 2696 2697 2699 2700 4689 4692 9739 9739
6 3178 3179 3180 3329 9737 9737
5 1502 5595 5680 9736 9736
10 1351 1925 1926 1927 1928 1929 1930 1931 9713 9735
11 5556 5557 5558 5559 5560 5561 5562 5563 5738 9734 9734
5 3170 3171 3206 9733 9733
5 1330 1331 1350 9732 9732
5 5387 5388 9483 9729 9731
11 3233 3236 3237 6530 6531 6532 6533 6534 6536 9730 9730
2 9707 9727
4 6843 6845 9726 9726
4 2834 2836 9725 9725
21 1347 1348 1349 1352 1353 1354 1355 1356 1357 1362 1363 1375 1385 3898 3899 3901 9472 9660 9723 9724 9724
9 1923 1924 1932 1933 4315 7773 7950 9722 9722
9 1908 1909 1910 1911 1920 1921 1922 9720 9721
22 1332 1333 1334 1335 1336 1337 1340 1341 1342 1343 1344 1345 1346 1998 2000 2001 2018 2019 2020 2021 9719 9719
2 9718 9718
11 1959 1983 1990 1991 1992 1993 1994 6176 6177 9706 9717
4 5519 5553 9716 9716
4 8172 8453 9715 9715
2 9714 9714
4 5523 5528 9712 9712
5 4655 7031 7288 9711 9711
14 2495 2496 2497 2498 2499 2500 2501 2502 2503 2504 8527 8564 9710 9710
23 1941 1942 1943 1944 1945 1946 1947 1948 1949 1950 1951 1952 1953 2400 2401 2402 2403 2404 2405 2406 6027 9708 9709
5 6878 9104 9105 9645 9705
15 1553 1554 1583 3138 3139 3140 3141 3142 3143 3154 3705 5278 5279 9624 9704
2 9701 9702
3 9698 9699 9700
2 9696 9696
2 9695 9695
3 4819 9692 9694
15 1763 1764 1765 1906 1907 2505 2506 2507 2508 2509 2522 4358 7338 9689 9693
16 1815 3534 3537 3538 3543 3544 3545 3546 3547 3548 3549 3552 3553 3739 9690 9690
2 9685 9688
20 1714 1715 1720 1721 1722 1723 1724 1725 1727 1728 1729 1730 1731 1732 1733 5114 5797 9060 9683 9687
4 8171 8383 9686 9686
21 1420 1421 1422 1423 1427 1503 1504 1505 1506 1507 1508 1509 1510 1517 1518 1527 1528 7415 7416 9684 9684
23 1406 1410 1411 1412 1413 1419 1529 1552 1584 1591 1592 1593 1662 1663 1767 1776 1777 3978 7752 7753 7754 9652 9682
19 2602 2614 2615 2616 2617 2618 2619 2620 2625 2626 2627 2948 2950 5273 5274 5275 5276 9679 9681
6 2516 2517 2520 7784 9675 9680
5 1812 1813 1814 9653 9678
4 4066 4068 9677 9677
14 1405 1664 2478 2479 2480 2492 2493 2494 6388 6389 6390 6477 9676 9676
8 3873 4442 4443 6024 6025 6142 9674 9674
7 5335 5336 5337 5338 5814 9672 9673
3 6125 9670 9671
8 1937 1938 1939 1940 1955 1957 9649 9669
5 2630 5334 5396 9668 9668
7 1808 1809 5515 5516 8160 9666 9667
15 2252 2253 2254 2255 2256 2283 2284 2286 2287 2288 2289 2290 2291 9665 9665
12 3859 3860 3861 3862 3863 3864 4651 4652 4653 4654 9641 9664
3 7729 9662 9663
7 6020 6021 6022 8479 8480 9661 9661
10 2429 2430 5795 5796 6118 6119 6120 6121 9657 9659
7 2511 2512 2513 3378 3528 9658 9658
4 7566 7638 9656 9656
4 2353 4390 9648 9655
8 2833 4349 4350 4351 4352 4353 9639 9654
8 1665 1666 1667 4635 4636 4643 9651 9651
27 1895 1896 1897 1898 1899 1900 1901 1902 1903 1904 1905 1934 1935 1936 2238 2239 2246 2247 2248 2249 2250 2251 2292 9628 9629 9650 9650
6 6381 6382 6383 6387 9647 9647
2 9646 9646
10 2451 2452 2453 2454 4272 4273 6799 6800 9642 9644
9 1713 1734 2220 2221 2222 9637 9640 9643 9643
3 8140 9636 9638
2 9635 9635
4 3518 3533 9634 9634
5 3137 8492 8493 9633 9633
2 9608 9632
4 2826 7969 9619 9631
3 5580 9627 9630
9 1892 1893 1894 5332 6379 6380 6478 9626 9626
4 1806 1807 9623 9625
9 2471 2472 2473 2474 2475 2476 2477 9582 9622
2 9620 9621
8 2237 2297 2298 4626 4627 4771 9618 9618
10 1735 1751 1762 1766 3854 5313 5314 5517 9616 9617
19 1690 1691 1692 1693 1694 1695 1696 4621 4622 4623 4624 4625 6828 6829 6830 6831 9555 9614 9615
8 1711 1712 4385 4386 7010 8661 9611 9613
2 9610 9612
8 3502 3503 3773 3774 5513 5514 9603 9609
7 2208 2209 2375 9520 9533 9607 9607
2 9606 9606
3 7528 9584 9605
5 7967 9601 9602 9604 9604
7 2236 2330 2334 9598 9599 9600 9600
13 4194 4195 4196 4197 4198 4199 5810 5811 5812 5813 7510 9596 9597
10 3134 4523 4524 4525 6017 6018 6019 6023 9580 9595
2 9593 9594
2 9592 9592
2 9565 9591
10 1703 1704 1705 1706 1707 1708 1709 1710 9590 9590
2 9587 9589
6 2140 2141 2142 5572 9585 9588
7 2663 2664 2665 2666 8967 9583 9586
2 9553 9581
8 2776 2777 2778 5343 9133 9283 9579 9579
5 2227 7636 7768 9578 9578
3 9513 9515 9577
7 3515 3516 3522 3530 8203 9562 9576
3 3830 9559 9575
6 2342 2343 7374 7375 9558 9574
6 6471 8625 8671 9148 9572 9573
4 2219 2223 9539 9571
6 1700 2767 2768 7947 9554 9569
2 9528 9568
7 2585 2586 2587 6153 6212 9567 9567
6 4337 4338 7008 7009 9536 9566
4 9102 9106 9563 9563
2 9561 9561
19 2380 2381 2382 2385 2386 2387 2388 2389 2391 2392 2393 3334 6036 6037 6038 6039 6040 9560 9560
11 1811 1816 6167 6168 6169 6774 6775 6776 8412 9551 9557
10 4185 4186 4187 5017 5018 5047 5048 5094 9552 9552
16 1669 1670 1671 1672 1673 1686 1687 1688 1689 1697 1698 1699 7942 7952 9550 9550
2 9532 9549
11 1804 1805 1810 2345 2346 4174 4175 4176 4177 9510 9548
6 4045 4046 5379 5382 9547 9547
4 2634 2635 9546 9546
15 1668 1701 1702 1803 2217 2218 4355 4356 4357 4359 4360 4361 4424 9545 9545
4 9542 9543 9544 9544
7 4052 6710 6711 6957 6958 9519 9541
3 2577 9538 9540
3 2213 9537 9537
6 2201 2202 2203 9100 9504 9535
11 2920 2922 2923 2924 2925 2926 4133 4134 6166 9502 9534
9 3159 3160 3161 3162 3163 3165 3166 9530 9531
4 3678 3704 9529 9529
5 4324 6340 9497 9525 9527
14 2599 2600 2601 2628 3609 3610 3615 3616 3824 3825 3826 3956 9526 9526
18 2303 2335 2336 2337 2338 2340 2341 3325 3326 3327 3328 3330 5321 5322 8474 8475 9523 9524
2 9505 9522
12 2971 3347 3348 3349 3351 3352 4637 4638 7631 7712 9521 9521
5 6378 8592 8667 9517 9517
6 2904 2916 2917 7414 9499 9516
7 4620 6950 6951 6952 6955 9512 9512
22 3127 3128 3129 3130 3131 3132 3133 3135 3136 4274 4289 4293 4294 4296 4297 4299 6704 6705 6901 6949 9511 9511
3 6095 9506 9509
8 2197 2198 2199 2200 8124 8176 9508 9508
14 2915 5354 5355 5356 5357 5358 5359 5361 5362 5363 5364 5365 9496 9507
4 8122 8143 9503 9503
3 4628 9498 9501
6 2633 2640 3338 3513 9500 9500
4 3126 3172 9495 9495
4 2034 2139 9494 9494
3 7755 9492 9493
11 2090 2091 2092 2093 2094 2095 2096 2097 2706 9485 9491
3 4640 9446 9490
13 2204 2205 2206 2207 2210 2211 2214 2215 2216 2224 2377 9489 9489
2 9488 9488
7 6199 6200 6201 6202 6346 9487 9487
5 5045 7946 7948 9478 9486
3 2174 9445 9484
22 2036 2069 2070 2071 2072 2073 2074 2075 2076 2077 2079 2080 2081 2082 2083 3397 3907 3908 3909 3910 9481 9482
16 5040 5041 5042 5043 5044 5549 6375 6376 6377 6694 6695 6838 6839 6840 9480 9480
6 2848 2849 2850 7731 9439 9479
11 2445 2446 2447 2448 2449 2450 2455 2456 2460 9477 9477
6 4048 4049 8510 8511 9476 9476
2 9475 9475
13 2190 2191 2192 2193 2194 2195 3018 3019 3020 9293 9339 9474 9474
4 6337 6475 9473 9473
11 2864 2918 2919 2927 2928 2944 2945 2946 6825 9436 9471
2 9467 9470
4 4817 5683 9466 9469
6 4140 7449 7450 7527 9468 9468
5 6329 6330 6336 9465 9465
8 2590 3333 3335 3336 4618 4641 9464 9464
9 2155 2156 2157 2158 2159 2160 9112 9462 9463
3 3108 9435 9461
2 9457 9460
2 9452 9459
6 4603 4616 4617 4619 9458 9458
4 2183 2186 9456 9456
13 3050 3051 3052 3053 3061 3205 3212 3213 3214 3218 5493 9451 9455
2 9454 9454
9 3853 3855 4043 4047 5328 5329 5331 9453 9453
6 2596 4808 4809 8491 9434 9450
3 7558 9447 9449
8 3697 3698 3699 3700 5546 5547 9433 9448
8 4181 5529 5530 5531 7403 9400 9432 9444
2 9442 9443
2 9441 9441
2 9431 9440
6 3635 5349 5350 9429 9430 9438
3 3111 9428 9437
4 5793 5794 9423 9427
6 3024 3025 3026 5982 9425 9426
